 Rank  Chip       Q N80  Dataset      Day QPDTStr  QPDTS2   QCETS   eff00   eff01   eff02   eff03   eff04   eff05   eff06   eff07   eff08   eff09   eff10   eff11   eff12   eff13   eff14   eff15
-    1 10461   0.998  16  PDTStry 20170830   0.998   0.924           1.000   1.000   1.000   1.000   1.000   1.000   1.000   0.999   1.000   0.999   1.000   1.000   1.000   1.000   1.000   1.000
-    2 10662   0.996  16  PDTStry 20170911   0.996   0.994           1.000   1.000   0.999   1.000   1.000   1.000   1.000   1.000   1.000   1.000   1.000   0.999   1.000   1.000   0.998   1.000
-    3 10686   0.994  16  PDTStry 20170912   0.994   0.992           0.997   0.999   1.000   1.000   1.000   1.000   1.000   1.000   1.000   0.999   1.000   1.000   1.000   1.000   1.000   1.000
-    4 10826   0.993  16    PDTS2 20170925   0.993   0.993           0.999   1.000   1.000   1.000   1.000   1.000   1.000   1.000   0.999   0.998   1.000   1.000   0.998   1.000   1.000   1.000
-    5 10825   0.992  16    PDTS2 20170925   0.991   0.992           1.000   1.000   0.999   1.000   0.993   1.000   1.000   1.000   1.000   1.000   1.000   1.000   1.000   1.000   1.000   1.000
-    6 10872   0.990  16  PDTStry 20170927   0.990   0.001           1.000   0.999   1.000   0.999   0.999   0.999   1.000   1.000   1.000   0.999   0.999   0.999   0.999   0.998   0.999   1.000
-    8 10524   0.989  16  PDTStry 20170901   0.989   0.644           1.000   1.000   1.000   1.000   1.000   1.000   1.000   1.000   0.999   0.995   1.000   1.000   1.000   1.000   1.000   0.996
-    9 10298   0.986  16  PDTStry 20170823   0.986   0.838           1.000   0.999   1.000   0.999   1.000   0.999   0.999   0.997   0.999   0.999   0.999   1.000   0.999   1.000   0.998   1.000

-   10 10367   0.983  16  PDTStry 20170828   0.983   0.983           0.998   1.000   1.000   1.000   0.997   1.000   1.000   1.000   1.000   1.000   1.000   1.000   0.990   1.000   1.000   0.998
-   11 10355   0.983  16  PDTStry 20170825   0.983                   1.000   1.000   1.000   1.000   0.999   1.000   1.000   0.999   1.000   0.995   0.997   0.999   0.998   0.998   1.000   0.999
-   12 10756   0.983  16  PDTStry 20170914   0.983   0.982           0.998   1.000   0.993   0.999   1.000   0.998   1.000   0.996   1.000   1.000   1.000   1.000   1.000   1.000   0.999   1.000
-   13 10294   0.981  16    PDTS2 20170823   0.976   0.981           0.991   0.999   1.000   0.996   0.996   1.000   1.000   1.000   1.000   1.000   1.000   0.999   1.000   1.000   1.000   1.000
-   14 10767   0.979  16  PDTStry 20170919   0.979                   1.000   1.000   1.000   1.000   1.000   1.000   1.000   0.997   1.000   1.000   1.000   1.000   1.000   1.000   1.000   0.982
-   15 10276   0.979  16  PDTStry 20170822   0.979                   1.000   1.000   1.000   1.000   0.982   1.000   1.000   1.000   0.999   1.000   1.000   0.999   1.000   0.999   1.000   1.000
-   16 10861   0.977  16    PDTS2 20170926   0.975   0.977           0.998   1.000   0.996   1.000   0.992   0.999   1.000   1.000   1.000   1.000   1.000   1.000   1.000   0.999   1.000   0.995
-   17 10732   0.973  16  PDTStry 20170913   0.973                   1.000   0.997   0.999   1.000   0.999   1.000   1.000   1.000   0.999   1.000   1.000   0.981   1.000   0.999   1.000   1.000

-   18 10283   0.970  16    PDTS2 20170823   0.967   0.970           0.999   1.000   1.000   1.000   1.000   0.998   0.976   0.997   1.000   1.000   1.000   1.000   1.000   0.999   1.000   1.000
-   20 10463   0.969  16  PDTStry 20170830   0.969   0.952           1.000   1.000   1.000   1.000   1.000   0.988   1.000   1.000   0.988   0.999   0.998   1.000   1.000   0.996   1.000   1.000
-   21 10684   0.968  16    PDTS2 20170912   0.733   0.968           0.984   1.000   1.000   1.000   1.000   1.000   1.000   0.987   0.999   1.000   1.000   1.000   1.000   1.000   1.000   0.999
-   22 10780   0.968  16    PDTS2 20170919   0.958   0.968           0.999   1.000   1.000   1.000   1.000   1.000   1.000   1.000   0.981   1.000   0.991   1.000   0.999   1.000   0.998   1.000
-   23 10487   0.968  16    PDTS2 20170831   0.965   0.968           1.000   1.000   1.000   0.996   0.998   1.000   0.999   1.000   1.000   0.992   1.000   1.000   1.000   1.000   1.000   0.983
-   24 10579   0.968  16  PDTStry 20170905   0.968   0.000           1.000   0.993   1.000   0.997   1.000   1.000   0.999   1.000   0.983   1.000   1.000   0.995   1.000   1.000   1.000   1.000
-   25 10819   0.963  16  PDTStry 20170925   0.963   0.963           0.999   0.998   0.996   1.000   1.000   0.999   1.000   0.997   0.989   0.992   0.999   0.995   1.000   0.999   0.999   1.000
-   26 10610   0.963  16    PDTS2 20170906   0.958   0.963           0.999   1.000   1.000   1.000   0.997   1.000   1.000   1.000   0.975   0.999   1.000   1.000   1.000   1.000   0.993   1.000

-   27 10231   0.963  16  PDTStry 20170818   0.963                   0.978   1.000   1.000   1.000   1.000   0.999   1.000   1.000   0.999   1.000   1.000   0.988   0.998   1.000   1.000   1.000
-   28 10559   0.962  16    PDTS2 20170905   0.960   0.962           0.995   0.999   0.999   1.000   0.996   0.999   1.000   1.000   1.000   0.989   1.000   1.000   1.000   0.984   1.000   0.999
-   29 10615   0.959  16    PDTS2 20170907   0.952   0.959           0.986   1.000   1.000   1.000   0.999   1.000   1.000   1.000   0.996   0.984   1.000   0.999   1.000   0.998   1.000   0.998
-   30 10696   0.958  16    PDTS2 20170912   0.956   0.958           1.000   0.998   1.000   0.999   1.000   1.000   1.000   1.000   1.000   1.000   1.000   0.998   0.999   0.986   1.000   0.977
-   32 10868   0.957  16  PDTStry 20170927   0.957   0.949           0.980   0.980   1.000   1.000   1.000   0.999   1.000   1.000   1.000   1.000   0.999   1.000   1.000   1.000   1.000   1.000
-   33 10608   0.957  16  PDTStry 20170906   0.957   0.951           0.992   1.000   1.000   1.000   1.000   0.975   0.999   1.000   1.000   1.000   1.000   1.000   0.993   1.000   1.000   0.998
-   34 10382   0.956  16    PDTS2 20170828   0.954   0.956           0.999   0.964   0.999   1.000   0.995   1.000   1.000   1.000   1.000   0.999   1.000   1.000   1.000   1.000   1.000   1.000
-   35 10410   0.956  16  PDTStry 20170829   0.956   0.947           1.000   1.000   0.999   1.000   1.000   1.000   1.000   1.000   0.999   0.999   1.000   1.000   1.000   0.960   1.000   1.000

-   36 10368   0.956  16  PDTStry 20170828   0.956                   0.998   0.999   1.000   1.000   1.000   0.999   1.000   0.998   1.000   1.000   0.979   1.000   0.982   1.000   1.000   1.000
-   37 10435   0.956  16  PDTStry 20170829   0.956   0.939           0.990   0.982   0.997   0.999   1.000   1.000   1.000   1.000   0.998   0.999   1.000   0.998   0.997   1.000   0.997   0.999
-   38 10622   0.953  16    PDTS2 20170907   0.756   0.953           1.000   1.000   1.000   1.000   1.000   0.999   1.000   1.000   1.000   0.957   0.999   1.000   1.000   1.000   0.999   1.000
-   39 10558   0.953  16  PDTStry 20170905   0.953   0.951           0.971   0.991   1.000   1.000   0.999   1.000   0.999   1.000   1.000   1.000   0.996   0.999   0.998   1.000   1.000   1.000
-   40 10238   0.950  16  PDTStry 20170818   0.950                   0.991   1.000   1.000   1.000   1.000   1.000   0.999   1.000   0.969   1.000   1.000   1.000   0.998   1.000   0.999   0.996
-   41 10462   0.949  16  PDTStry 20170830   0.949                   0.959   0.991   1.000   1.000   1.000   1.000   1.000   1.000   0.999   1.000   1.000   1.000   1.000   1.000   1.000   1.000
-   42 10644   0.948  16    PDTS2 20170907   0.945   0.948           0.995   0.996   0.997   0.988   1.000   1.000   1.000   0.998   0.994   0.999   0.999   0.999   1.000   1.000   0.981   1.000
-   43 10778   0.948  16    PDTS2 20170919   0.948   0.948           0.979   0.988   0.997   0.998   0.998   0.999   0.998   1.000   0.999   0.997   1.000   1.000   0.998   1.000   0.996   0.999

-   44 10674   0.947  16  PDTStry 20170912   0.947   0.935           0.959   1.000   1.000   1.000   1.000   0.994   0.998   1.000   1.000   1.000   0.999   1.000   1.000   1.000   0.998   1.000
-   45 10392   0.947  16    PDTS2 20170828   0.907   0.947           0.988   0.988   0.978   0.995   1.000   0.997   1.000   0.999   1.000   1.000   0.999   1.000   1.000   1.000   1.000   1.000
-   46 10534   0.945  16  PDTStry 20170901   0.945                   1.000   1.000   0.952   1.000   0.998   1.000   1.000   0.995   1.000   1.000   1.000   1.000   0.999   1.000   1.000   1.000
-   47 10282   0.945  16  PDTStry 20170823   0.945   0.936           0.953   1.000   0.999   1.000   1.000   1.000   0.997   1.000   1.000   0.999   1.000   1.000   1.000   1.000   1.000   0.997
-   48 10454   0.944  16  PDTStry 20170830   0.944   0.927           0.998   0.995   1.000   0.997   0.996   0.971   1.000   0.994   1.000   0.999   0.993   1.000   1.000   1.000   0.998   1.000
-   49 10346   0.942  16  PDTStry 20170830   0.942   0.931           0.962   1.000   0.997   1.000   0.999   1.000   0.999   0.999   0.999   1.000   0.996   0.994   1.000   0.999   1.000   0.995
-   50 10529   0.942  16  PDTStry 20170901   0.942   0.941           1.000   0.969   0.999   0.998   1.000   0.999   1.000   0.999   0.999   1.000   1.000   1.000   1.000   1.000   0.979   1.000
-   51 10329   0.941  16  PDTStry 20170824   0.941   0.938           0.962   1.000   1.000   0.999   0.999   0.998   0.999   1.000   1.000   0.999   0.992   0.996   0.999   1.000   1.000   0.998

-   52 10628   0.939  16  PDTStry 20170907   0.939   0.906           0.999   0.997   1.000   0.999   0.997   0.998   1.000   0.996   0.999   0.995   0.970   1.000   0.998   0.995   1.000   0.995
-   53 10450   0.937  16    PDTS2 20170830   0.901   0.937           0.971   0.998   1.000   1.000   1.000   1.000   1.000   1.000   1.000   1.000   0.997   1.000   1.000   1.000   1.000   0.970
-   54 10269   0.935  16    PDTS2 20170823   0.929   0.935           0.974   1.000   1.000   1.000   1.000   0.999   0.965   0.999   1.000   1.000   1.000   1.000   0.999   1.000   0.998   1.000
-   55 10878   0.935  16    PDTS2 20170927   0.929   0.935           1.000   1.000   1.000   1.000   1.000   0.998   0.983   0.995   1.000   1.000   1.000   0.999   0.999   1.000   0.960   1.000
-   56 10270   0.934  16  PDTStry 20170822   0.934                   1.000   0.987   1.000   1.000   0.999   0.998   1.000   0.999   0.998   1.000   1.000   0.962   0.999   1.000   1.000   0.991
-   57 10554   0.933  16    PDTS2 20170905   0.912   0.933           0.998   0.999   1.000   0.938   1.000   1.000   1.000   1.000   1.000   0.999   1.000   0.999   1.000   1.000   1.000   1.000
-   58 10444   0.932  16  PDTStry 20170830   0.932   0.781           1.000   0.939   1.000   1.000   1.000   1.000   1.000   0.997   0.999   1.000   0.998   1.000   1.000   0.998   1.000   1.000
-   59 10782   0.932  16    PDTS2 20170919   0.928   0.932           1.000   1.000   0.998   1.000   0.980   0.999   1.000   1.000   1.000   1.000   0.996   1.000   1.000   0.999   1.000   0.959

-   60 10886   0.930  16  PDTStry 20170927   0.930   0.928           0.984   1.000   1.000   0.999   1.000   0.999   1.000   1.000   1.000   0.995   0.994   0.999   0.999   0.960   1.000   0.998
-   62 10470   0.925  16  PDTStry 20170830   0.925                   1.000   0.999   1.000   0.999   0.942   1.000   0.999   1.000   1.000   0.999   1.000   1.000   1.000   1.000   1.000   0.986
-   63 10866   0.922  16  PDTStry 20170926   0.922   0.906           0.999   0.963   0.992   1.000   1.000   0.997   1.000   0.990   1.000   0.996   1.000   0.985   0.999   0.999   1.000   1.000
-   64 10814   0.922  16  PDTStry 20170925   0.922   0.888           1.000   1.000   0.999   1.000   1.000   0.999   0.999   1.000   1.000   1.000   0.998   1.000   1.000   0.927   1.000   1.000
-   65 10532   0.920  16  PDTStry 20170901   0.920   0.911           0.999   1.000   1.000   0.997   0.999   1.000   1.000   0.999   1.000   0.999   1.000   1.000   0.998   0.972   0.998   0.958
-   66 10387   0.919  16    PDTS2 20170830   0.660   0.919           0.929   0.996   1.000   0.999   0.998   0.999   1.000   1.000   1.000   1.000   1.000   1.000   1.000   0.999   1.000   1.000
-   67 10433   0.919  16    PDTS2 20170829   0.904   0.919           1.000   1.000   0.980   0.989   1.000   0.980   0.997   1.000   1.000   1.000   1.000   1.000   0.971   1.000   1.000   1.000
-   68 10862   0.916  16  PDTStry 20170926   0.916   0.913           1.000   0.977   1.000   1.000   1.000   1.000   1.000   1.000   1.000   0.993   0.998   1.000   1.000   1.000   0.952   0.994

-   69 10922   0.914  16    PDTS2 20170928   0.905   0.914           0.960   1.000   0.999   0.986   1.000   0.997   1.000   1.000   1.000   0.999   0.997   1.000   1.000   0.998   1.000   0.976
-   70 10896   0.914  16    PDTS2 20170928   0.909   0.914           1.000   1.000   1.000   1.000   1.000   1.000   1.000   1.000   1.000   1.000   1.000   1.000   1.000   1.000   1.000   0.914
-   71 10006   0.914  16     CETS 20170730   0.007   0.009   0.914   0.990   1.000   1.000   1.000   0.996   1.000   1.000   1.000   1.000   1.000   1.000   0.943   0.982   1.000   1.000   1.000
-   72 10716   0.913  16    PDTS2 20170913   0.906   0.913           0.958   0.999   0.995   1.000   1.000   1.000   1.000   1.000   1.000   0.994   0.970   0.996   1.000   1.000   1.000   0.999
-   73 10634   0.913  16    PDTS2 20170907   0.887   0.913           1.000   0.999   0.935   0.985   1.000   1.000   0.999   1.000   1.000   1.000   1.000   1.000   1.000   1.000   0.999   0.994
-   74 10458   0.910  16  PDTStry 20170830   0.910                   0.995   0.997   0.997   0.999   1.000   0.967   1.000   0.998   0.966   1.000   0.998   0.999   1.000   0.998   0.993   1.000
-   75 10843   0.906  16    PDTS2 20170926   0.871   0.906           1.000   0.998   0.909   1.000   1.000   1.000   1.000   1.000   1.000   1.000   1.000   0.999   1.000   1.000   1.000   1.000
-   76 10441   0.904  16  PDTStry 20170830   0.904   0.902           0.999   1.000   1.000   1.000   1.000   1.000   0.999   1.000   0.919   1.000   1.000   1.000   1.000   0.987   1.000   1.000

-   77 10406   0.903  16    PDTS2 20170829   0.897   0.903           0.951   0.963   1.000   1.000   1.000   1.000   1.000   1.000   1.000   1.000   1.000   0.999   1.000   0.987   1.000   1.000
-   78 10397   0.903  16  PDTStry 20170829   0.903   0.892           1.000   0.999   0.964   1.000   0.999   1.000   1.000   1.000   1.000   1.000   0.942   0.997   1.000   1.000   1.000   0.999
-   79 10284   0.903  16    PDTS2 20170823   0.900   0.903           0.999   1.000   1.000   1.000   0.999   1.000   1.000   1.000   0.952   0.991   1.000   1.000   1.000   1.000   1.000   0.959
-   80 10515   0.902  16    PDTS2 20170901   0.898   0.902           1.000   0.998   0.987   0.999   0.926   0.991   1.000   1.000   1.000   1.000   1.000   1.000   1.000   1.000   1.000   1.000
-   81 10664   0.902  16    PDTS2 20170911   0.902   0.902           1.000   0.942   1.000   1.000   0.962   0.998   1.000   0.998   1.000   1.000   1.000   0.999   1.000   1.000   1.000   1.000
-   82 10601   0.898  16    PDTS2 20170906   0.893   0.898           0.980   1.000   1.000   0.991   0.945   1.000   1.000   1.000   1.000   1.000   1.000   1.000   0.999   1.000   1.000   0.980
-   83 10331   0.897  16  PDTStry 20170824   0.897   0.894           0.976   0.998   0.998   0.997   1.000   0.999   0.999   0.999   0.998   0.971   1.000   1.000   0.967   0.996   0.997   0.998
-   84 10927   0.894  16    PDTS2 20170928   0.890   0.894           0.921   0.999   1.000   0.999   1.000   1.000   1.000   1.000   0.998   1.000   1.000   0.998   0.997   1.000   0.980   1.000

-   85 10817   0.894  16  PDTStry 20170925   0.894   0.889           1.000   1.000   1.000   0.999   1.000   1.000   1.000   1.000   1.000   1.000   1.000   0.901   0.994   1.000   1.000   1.000
-   86 10321   0.893  16  PDTStry 20170824   0.893   0.891           0.915   0.981   1.000   1.000   0.999   1.000   0.998   1.000   1.000   1.000   1.000   0.998   1.000   1.000   1.000   1.000
-   87 10804   0.892  16    PDTS2 20170922   0.885   0.892           0.967   0.932   0.997   0.998   1.000   1.000   0.998   0.999   1.000   0.999   1.000   1.000   1.000   1.000   0.999   1.000
-   88 10803   0.892  16    PDTS2 20170922   0.886   0.892           0.961   0.989   1.000   1.000   1.000   1.000   0.999   1.000   1.000   0.993   1.000   0.998   1.000   0.975   0.997   0.975
-   89 10455   0.891  16    PDTS2 20170830   0.887   0.891           0.992   0.930   1.000   0.998   1.000   1.000   0.999   1.000   0.999   1.000   0.998   1.000   1.000   1.000   1.000   0.972
-   90 10311   0.889  16    PDTS2 20170824   0.881   0.889           0.896   0.998   1.000   0.998   1.000   1.000   1.000   1.000   0.999   1.000   1.000   1.000   0.998   1.000   1.000   1.000
-   92 10563   0.885  16  PDTStry 20170905   0.885                   1.000   0.976   0.995   1.000   1.000   0.994   1.000   1.000   1.000   1.000   1.000   1.000   1.000   1.000   0.917   0.999
-   93 10468   0.883  16  PDTStry 20170830   0.883   0.868           0.984   0.998   1.000   1.000   0.998   1.000   0.910   1.000   1.000   1.000   0.999   1.000   0.992   1.000   1.000   1.000

-   94 10630   0.883  16  PDTStry 20170907   0.883   0.854           0.995   0.997   0.998   0.996   0.999   1.000   0.998   0.997   0.909   0.998   0.997   0.999   0.998   1.000   0.999   0.999
-   95 10531   0.882  16  PDTStry 20170901   0.882   0.881           0.982   1.000   0.980   1.000   1.000   0.998   0.969   1.000   1.000   1.000   0.999   0.967   1.000   1.000   1.000   0.980
-   96 10583   0.880  16  PDTStry 20170906   0.880   0.879           0.960   1.000   0.999   0.999   1.000   0.998   0.999   1.000   1.000   0.999   0.999   0.992   1.000   1.000   0.929   1.000
-   97 10797   0.879  16  PDTStry 20170922   0.879   0.871           0.975   1.000   1.000   0.999   0.988   0.998   0.984   1.000   1.000   1.000   1.000   1.000   1.000   1.000   0.931   1.000
-   98 10383   0.879  16  PDTStry 20170828   0.879   0.871           0.997   0.986   0.999   0.999   1.000   0.999   1.000   1.000   1.000   1.000   1.000   1.000   0.983   0.995   1.000   0.918
-   99 10573   0.878  16  PDTStry 20170905   0.878   0.872           0.998   1.000   1.000   1.000   1.000   1.000   0.963   0.997   1.000   0.999   0.960   1.000   1.000   1.000   0.999   0.958
-  100 10263   0.878  16  PDTStry 20170822   0.878   0.868           0.981   1.000   1.000   0.947   0.989   0.960   0.999   0.998   1.000   1.000   0.999   1.000   0.999   1.000   1.000   1.000
-  101 10617   0.877  16  PDTStry 20170907   0.877   0.864           0.997   1.000   1.000   0.994   1.000   1.000   1.000   1.000   1.000   1.000   0.918   0.975   1.000   0.998   1.000   0.990

-  102 10908   0.874  16    PDTS2 20170928   0.854   0.874           1.000   1.000   0.997   0.999   1.000   1.000   0.999   1.000   1.000   1.000   0.994   0.988   1.000   0.927   0.968   0.996
-  103 10416   0.869  16  PDTStry 20170829   0.869   0.868           0.999   1.000   1.000   1.000   1.000   1.000   0.999   1.000   0.995   1.000   1.000   0.973   1.000   0.945   0.951   1.000
-  104 10660   0.868  16    PDTS2 20170908   0.845   0.868           0.986   1.000   0.999   1.000   1.000   1.000   1.000   0.920   1.000   1.000   0.998   0.998   0.999   0.999   1.000   0.963
-  105 10310   0.868  16  PDTStry 20170824   0.868   0.860           0.983   0.997   0.999   1.000   1.000   0.959   1.000   1.000   1.000   1.000   1.000   1.000   0.999   0.999   0.927   1.000
-  106 10613   0.867  16    PDTS2 20170906   0.866   0.867           0.999   0.997   1.000   0.999   0.999   1.000   0.998   0.996   0.883   1.000   0.999   1.000   0.997   1.000   0.999   1.000
-  108 10860   0.867  16  PDTStry 20170926   0.867   0.866           1.000   0.963   1.000   1.000   1.000   1.000   0.999   0.999   0.998   1.000   0.999   0.931   1.000   0.989   0.997   0.985
-  109 10469   0.865  16  PDTStry 20170830   0.865   0.831           0.883   1.000   0.994   0.993   1.000   1.000   0.998   1.000   1.000   0.999   1.000   1.000   0.998   1.000   1.000   0.999
-  110 10609   0.861  16    PDTS2 20170906   0.859   0.861           0.982   0.958   0.998   0.999   0.999   1.000   0.998   0.999   0.999   0.948   1.000   1.000   1.000   0.999   0.997   0.977

-  111 10641   0.861  16    PDTS2 20170907   0.826   0.861           0.993   0.994   0.995   0.999   1.000   1.000   0.914   1.000   0.999   0.999   0.998   0.996   1.000   1.000   0.968   1.000
-  112 10882   0.856  16  PDTStry 20170927   0.856   0.845           0.999   1.000   1.000   1.000   0.999   0.956   1.000   1.000   1.000   0.986   1.000   0.941   0.969   0.998   1.000   1.000
-  113 10627   0.853  16  PDTStry 20170907   0.853                   0.980   0.998   0.947   0.998   0.998   0.998   0.954   0.999   0.997   0.996   0.996   0.997   0.999   0.998   0.995   0.993
-  114 10632   0.853  16    PDTS2 20170907   0.646   0.853           0.999   1.000   1.000   1.000   1.000   0.997   0.976   0.999   0.908   1.000   1.000   1.000   1.000   0.967   1.000   1.000
-  115 10570   0.851  16  PDTStry 20170905   0.851                   0.987   0.961   0.997   1.000   0.993   0.985   1.000   1.000   1.000   1.000   1.000   1.000   0.992   1.000   0.990   0.937
-  116 10452   0.850  16  PDTStry 20170830   0.850   0.839           0.986   0.997   1.000   1.000   0.997   1.000   1.000   1.000   1.000   0.999   0.998   1.000   0.998   1.000   1.000   0.871
-  117 10870   0.849  16  PDTStry 20170927   0.849   0.846           0.852   1.000   0.998   1.000   1.000   1.000   1.000   1.000   1.000   1.000   1.000   0.999   1.000   1.000   1.000   1.000
-  119 10374   0.848  16    PDTS2 20170828   0.840   0.848           0.949   0.937   1.000   0.999   0.998   0.983   0.995   1.000   1.000   0.995   1.000   1.000   1.000   0.994   0.990   1.000

-  120 10539   0.848  16  PDTStry 20170901   0.848   0.829           0.993   1.000   1.000   1.000   0.997   0.999   1.000   0.999   0.988   0.983   1.000   1.000   1.000   0.997   1.000   0.886
-  121 10869   0.846  16    PDTS2 20170927   0.836   0.846           0.885   0.999   0.999   0.999   0.999   1.000   0.999   1.000   0.993   0.999   0.999   0.992   0.999   0.998   0.981   1.000
-  122 10277   0.845  16  PDTStry 20170822   0.845   0.805           0.999   0.866   0.979   1.000   1.000   1.000   1.000   1.000   1.000   1.000   1.000   1.000   1.000   1.000   1.000   0.998
-  123 10417   0.841  16    PDTS2 20170829   0.836   0.841           1.000   1.000   0.999   1.000   1.000   0.996   1.000   0.973   0.998   0.960   0.906   1.000   0.999   1.000   1.000   1.000
-  124 10275   0.829  16  PDTStry 20170822   0.829   0.821           0.857   1.000   1.000   0.999   1.000   1.000   1.000   1.000   1.000   1.000   1.000   1.000   1.000   0.969   1.000   1.000
-  126 10795   0.827  16  PDTStry 20170922   0.827   0.823           0.978   0.998   1.000   1.000   0.850   1.000   0.998   1.000   1.000   1.000   1.000   1.000   1.000   1.000   1.000   1.000
-  127 10430   0.825  16  PDTStry 20170829   0.825   0.817           0.984   0.999   0.998   1.000   0.999   0.855   1.000   1.000   0.999   0.999   1.000   1.000   0.990   1.000   0.999   0.999
-  128 10404   0.824  16  PDTStry 20170829   0.824   0.817           1.000   0.998   1.000   1.000   1.000   1.000   0.887   0.969   1.000   0.974   1.000   0.997   1.000   1.000   0.996   0.993

-  129 10580   0.820  16  PDTStry 20170906   0.820   0.819           0.945   0.939   0.997   1.000   1.000   1.000   0.993   0.999   1.000   1.000   1.000   0.977   1.000   1.000   0.957   1.000
-  130 10418   0.818  16  PDTStry 20170829   0.818   0.739           1.000   1.000   0.999   1.000   1.000   1.000   1.000   1.000   1.000   0.839   1.000   0.976   1.000   1.000   1.000   1.000
-  131 10253   0.818  16    PDTS2 20170822   0.806   0.818           0.847   0.995   0.993   1.000   0.992   0.997   1.000   0.991   1.000   1.000   1.000   1.000   1.000   1.000   0.998   1.000
-  132 10409   0.815  16    PDTS2 20170829   0.805   0.815           0.994   1.000   0.827   1.000   1.000   1.000   1.000   0.998   0.999   1.000   0.998   1.000   0.996   1.000   1.000   1.000
-  135 10478   0.807  16    PDTS2 20170831   0.803   0.807           0.934   1.000   1.000   1.000   1.000   1.000   1.000   1.000   1.000   1.000   1.000   0.863   1.000   1.000   1.000   1.000
-  136 10436   0.802  16  PDTStry 20170829   0.802   0.798           1.000   1.000   1.000   1.000   1.000   1.000   0.900   0.999   0.996   0.976   1.000   0.999   1.000   1.000   0.996   0.922
-  137 10885   0.801  16  PDTStry 20170927   0.801                   1.000   0.828   0.998   0.971   0.999   1.000   0.998   1.000   1.000   1.000   1.000   1.000   1.000   1.000   1.000   1.000
-  138 10920   0.801  16  PDTStry 20170928   0.801                   0.966   1.000   1.000   1.000   1.000   1.000   1.000   0.982   0.999   0.918   0.998   1.000   1.000   0.968   0.985   0.967

-  139 10577   0.797  16    PDTS2 20170905   0.795   0.797           0.816   1.000   1.000   0.988   1.000   1.000   0.998   1.000   1.000   0.996   1.000   0.999   0.996   1.000   1.000   1.000
-  140 10887   0.795  16    PDTS2 20170927   0.783   0.795           1.000   1.000   1.000   0.836   1.000   1.000   1.000   0.952   1.000   1.000   1.000   1.000   1.000   1.000   1.000   1.000
-  141 10265   0.795  16  PDTStry 20170822   0.795   0.789           0.975   0.975   1.000   1.000   0.977   0.999   1.000   0.999   1.000   1.000   1.000   0.994   0.997   0.988   0.877   0.999
-  142 10332   0.792  16    PDTS2 20170830   0.779   0.792           0.959   0.997   1.000   1.000   1.000   1.000   1.000   1.000   1.000   0.869   1.000   1.000   1.000   1.000   1.000   0.952
-  143 10268   0.792  16  PDTStry 20170822   0.792   0.760           0.968   0.996   1.000   0.999   0.999   1.000   1.000   1.000   1.000   0.960   1.000   1.000   1.000   0.876   1.000   0.979
-  144 10338   0.790  16  PDTStry 20170825   0.790   0.783           0.960   0.993   0.994   0.992   0.992   1.000   1.000   0.992   0.998   0.985   1.000   0.933   1.000   0.944   0.998   0.988
-  147 10663   0.787  16    PDTS2 20170911   0.781   0.787           0.903   0.997   0.997   1.000   1.000   0.999   0.988   0.998   0.970   1.000   1.000   1.000   1.000   0.995   0.943   0.977
-  148 10722   0.786  16    PDTS2 20170913   0.782   0.786           0.999   1.000   1.000   0.998   0.974   1.000   0.988   1.000   1.000   1.000   0.904   0.911   1.000   0.998   1.000   0.999

-  149 10727   0.786  16    PDTS2 20170913   0.750   0.786           0.997   1.000   1.000   0.999   0.999   0.999   0.998   1.000   1.000   1.000   1.000   0.999   0.917   0.999   1.000   0.866
-  150 10855   0.785  16  PDTStry 20170926   0.785                   1.000   0.989   0.999   1.000   0.998   1.000   1.000   1.000   1.000   1.000   0.998   0.997   0.994   0.808   0.997   1.000
-  151 10700   0.784  16    PDTS2 20170912   0.000   0.784           0.990   1.000   0.961   0.877   0.999   1.000   0.999   1.000   1.000   0.999   1.000   0.998   1.000   0.998   0.998   0.948
-  152 10915   0.781  15    PDTS2 20170928   0.766   0.781           1.000   0.999   1.000   0.788   1.000   1.000   1.000   1.000   1.000   1.000   0.998   1.000   1.000   1.000   0.999   0.994
-  153 10906   0.779  16    PDTS2 20170928   0.770   0.779           0.998   1.000   1.000   1.000   1.000   1.000   1.000   1.000   1.000   0.802   0.974   1.000   1.000   1.000   1.000   1.000
-  154 10816   0.778  16  PDTStry 20170925   0.778   0.769           1.000   1.000   1.000   1.000   0.997   1.000   0.982   1.000   0.939   0.999   1.000   0.885   1.000   1.000   1.000   0.959
-  155 10449   0.777  16    PDTS2 20170830   0.765   0.777           1.000   0.992   1.000   0.990   0.999   0.999   1.000   0.999   1.000   1.000   1.000   1.000   0.928   1.000   1.000   0.856
-  156 10682   0.775  16    PDTS2 20170912   0.766   0.775           0.922   0.879   1.000   1.000   0.994   1.000   0.998   1.000   0.999   0.998   0.999   1.000   0.998   0.998   0.986   0.985

-  157 10718   0.771  16  PDTStry 20170913   0.771   0.759           1.000   0.997   0.900   0.996   0.997   1.000   1.000   0.998   1.000   1.000   0.994   0.999   1.000   0.883   0.990   1.000
-  158 10914   0.771  16    PDTS2 20170928   0.751   0.771           0.887   1.000   1.000   0.997   0.915   1.000   0.989   0.998   1.000   0.997   0.999   1.000   1.000   0.971   0.999   1.000
-  159 10516   0.769  16    PDTS2 20170901   0.764   0.769           1.000   1.000   1.000   0.976   0.977   0.936   0.903   0.999   0.999   1.000   1.000   0.992   0.980   1.000   0.998   0.986
-  160 10905   0.769  16    PDTS2 20170928   0.752   0.769           1.000   1.000   1.000   1.000   0.813   1.000   1.000   1.000   0.976   0.969   1.000   1.000   1.000   1.000   1.000   1.000
-  161 10708   0.769  16    PDTS2 20170913   0.761   0.769           0.999   0.809   0.999   1.000   1.000   1.000   1.000   1.000   1.000   0.998   0.955   1.000   1.000   1.000   1.000   1.000
-  162 10431   0.768  16  PDTStry 20170829   0.768   0.761           0.973   0.999   0.984   0.989   0.874   1.000   1.000   0.999   0.997   0.986   1.000   1.000   0.947   0.999   1.000   0.999
-  163 10445   0.763  15    PDTS2 20170830   0.760   0.763           0.985   1.000   0.998   1.000   1.000   0.999   1.000   1.000   1.000   1.000   1.000   1.000   0.778   1.000   1.000   1.000
-  164 10325   0.763  16    PDTS2 20170824   0.646   0.763           0.961   0.999   0.999   0.986   1.000   1.000   0.937   0.999   1.000   0.999   1.000   1.000   0.896   0.990   0.998   0.973

-  165 10540   0.762  16    PDTS2 20170901   0.170   0.762           0.973   0.999   1.000   1.000   0.999   1.000   1.000   0.999   1.000   0.999   0.999   1.000   1.000   0.999   0.808   0.976
-  166 10260   0.762  15    PDTS2 20170822   0.749   0.762           0.994   0.771   1.000   1.000   1.000   1.000   0.997   0.999   1.000   1.000   1.000   1.000   1.000   0.999   1.000   1.000
-  167 10394   0.760  16  PDTStry 20170828   0.760   0.738           0.952   1.000   0.996   0.963   1.000   1.000   1.000   0.999   1.000   1.000   1.000   0.996   0.844   0.998   0.995   0.998
-  168 10243   0.753  16  PDTStry 20170821   0.753   0.752           1.000   1.000   1.000   0.846   1.000   0.893   1.000   0.999   1.000   0.998   1.000   1.000   1.000   1.000   1.000   0.998
-  169 10635   0.749  16    PDTS2 20170907   0.659   0.749           0.995   0.965   0.999   0.966   0.991   0.998   0.998   0.999   0.999   0.938   1.000   0.996   0.887   1.000   0.997   0.995
-  170 10288   0.748  16    PDTS2 20170823   0.746   0.748           1.000   0.998   0.998   1.000   0.939   1.000   1.000   0.873   0.965   1.000   1.000   1.000   1.000   0.968   0.982   1.000
-  171 10849   0.747  16  PDTStry 20170926   0.747   0.746           0.949   0.893   0.998   1.000   1.000   1.000   1.000   1.000   0.925   1.000   1.000   1.000   1.000   1.000   1.000   0.954
-  172 10802   0.746  16    PDTS2 20170922   0.715   0.746           0.939   0.869   1.000   1.000   1.000   0.977   1.000   1.000   0.972   1.000   0.999   1.000   1.000   1.000   0.964   1.000


bad
   19 10578   0.969  16    PDTS2 20170905   0.000   0.969           1.000   0.993   1.000   0.997   1.000   1.000   0.999   1.000   0.985   1.000   1.000   0.995   1.000   1.000   1.000   1.000
  145 10267   0.789  16  PDTStry 20170822   0.789   0.779           0.976   0.963   0.999   0.889   1.000   0.999   1.000   1.000   0.992   1.000   1.000   0.999   1.000   0.999   0.996   0.961
  107 10428   0.867  16  PDTStry 20170829   0.867   0.790           0.950   0.999   0.996   0.988   1.000   0.999   0.996   0.996   0.997   0.996   0.999   0.997   0.993   0.995   0.995   0.962
  146 10636   0.789  16    PDTS2 20170907   0.781   0.789           0.953   0.996   1.000   0.999   0.913   0.999   0.917   1.000   0.999   0.997   1.000   0.998   1.000   1.000   1.000   1.000

retest
    7 10193   0.990  16    PDTS2 20170817   0.989   0.990           1.000   1.000   0.998   1.000   0.997   1.000   1.000   1.000   1.000   0.997   1.000   0.998   1.000   1.000   1.000   1.000
   31 10710   0.958  16  PDTStry 20170913   0.958                   1.000   0.998   0.999   0.995   0.997   0.996   0.998   0.996   0.996   0.996   0.996   0.999   0.996   0.994   1.000   1.000
   61 10421   0.929  16  PDTStry 20170829   0.929                   0.988   0.999   1.000   0.999   1.000   0.942   1.000   1.000   1.000   1.000   1.000   1.000   1.000   1.000   1.000   1.000
  118 10763   0.849  16  PDTStry 20170915   0.849                   1.000   1.000   0.999   0.895   1.000   1.000   1.000   0.997   0.968   0.999   1.000   1.000   0.986   1.000   1.000   1.000
  133 10871   0.808  16  PDTStry 20170927   0.808                   0.888   1.000   1.000   1.000   0.999   1.000   0.999   0.999   1.000   1.000   0.965   1.000   1.000   0.959   1.000   0.987
  134 10798   0.807  16  PDTStry 20170922   0.807                   0.975   0.998   1.000   1.000   0.997   1.000   1.000   1.000   0.999   0.997   1.000   1.000   0.999   1.000   0.845   0.990

missing
   91 10363   0.887  16  PDTStry 20170825   0.887   0.886           0.981   0.986   1.000   0.999   0.994   0.970   1.000   0.998   1.000   0.983   0.994   1.000   1.000   0.976   1.000   1.000
  125 10326   0.827  16    PDTS2 20170824   0.824   0.827           0.915   0.998   0.997   0.995   1.000   1.000   0.988   0.934   1.000   0.999   1.000   1.000   0.993   1.000   0.999   1.000
