23
75
83
109
111
359
378
10003
10012
10030
10044
10055
10067
10076
10088
10090
10099
10106
10117
10157
10183
10214
10252
10257
10261
10267
10287
10300
10305
10322
10326
10353
10359
10363
10365
10393
10426
10428
10432
10456
10481
10506
10517
10546
10566
10578
10606
10636
10688
10706
10707
10711
10720
10733
10748
10753
10789
10809
10822
10871
10893
10921
10923
10938
10956
10961
10962
10991
11039
11163
11172
11237
11277
11302
11383
11418
11460
11491
11521
11540
11567
11592
11597
11603
11646
11696
11900
12048
12133
12138
12162
12210
12285
12336
12350
12355
12360
12398
12425
12430
12469
12484
12539
12549
12556
12588
12610
12712
12737
12770
12834
12909
12953
13097
13240
