Rank Chip         Q N80
   1    9     0.994  16   Good = 1 board
   2   74     0.988  16
   3   46     0.987  16
   4    2     0.977  16
   5   80     0.975  16
   6   45     0.966  16
   7   93     0.966  16
   8   14     0.943  16

   9    8     0.941  16   Fair = 4 boards
  10  366     0.917  16
  11   60     0.877  16
  12   44     0.869  16
  13   39     0.843  16
  14   79     0.833  16
  15   50     0.823  16
  16   49     0.818  16
  17   70     0.774  16
  18   41     0.752  16
  19   67     0.751  16
  20   13     0.737  16
  21  380     0.733  16
  22   55     0.718  16
  23  110     0.717  16
  25  379     0.705  16
  26   92     0.698  15
  27   47     0.688  16
  28  138     0.678  16
  29  363     0.669  16
  30  387     0.668  16
  31   82     0.646  15
  32  114     0.620  16
  33   87     0.615  15
  34   97     0.579  15
  35   90     0.562  15
  36   65     0.553  15
  37   53     0.547  15
  38  118     0.544  15
  39   81     0.544  16
  40   22     0.532  15
  41  385     0.531  15

  42  108     0.501  15   Poor = 4 boards 
  44   42     0.476  14
  45  369     0.465  14
  46   51     0.442  14
  47   12     0.419  15
  48  105     0.391  16
  50   25     0.360  15
  51   54     0.307  14
  52  384     0.293  13
  53   43     0.293  14
  54   57     0.293  15
  55  132     0.291  15
  56   84     0.290  14
  57  127     0.288  15
  58   15     0.267  15
  59   52     0.257  15
  60  119     0.223  14
  61   86     0.210  12
  62   71     0.195  14
  63   56     0.194  15
  64   94     0.191  13
  65  101     0.185  15
  66   18     0.180  14
  67  136     0.177  12

  68  129     0.167  13   Bad = 2 boards
  69   20     0.143  13
  70  364     0.141  15
  71  383     0.132  12
  72   48     0.132  15
  73  124     0.129  13
  74  115     0.123  14
  75   78     0.122  13
  76  373     0.118  13
  77  365     0.116  15
  78   96     0.116  14
  79   95     0.111  13
  80    7     0.103  14
  81   64     0.102  13
 107    3     0.014  11
  NR    1     -----  --


left off from this ranking:
  24  111     0.712  15
  43   23     0.500  14
  49   11     0.380  15
