11342
11780
11755
11733
11803
11637
11691
11800
11610
11816
11814
11611
11612
11842
11738
11836
11707
11697
11812
11759
11711
11808
11615
11306
11822
10395
11705
11748
11650
11495
11643
11770
11651
11811
11690
11609
11777
11341
11616
11728
11773
10689
11692
11752
11714
11744
11454
11641
11608
11802
11778
11757
11245
11775
11793
11699
11642
11701
11820
11739
11807
11635
11747
11654
11740
11621
11681
11632
11676
11762
11782
11630
11826
11662
11620
11751
11703
11634
11735
11694
11661
11790
11763
11783
11727
11798
11712
11400
11742
11633
11682
11704
10972
11658
11829
11716
11718
11825
11631
11397
10811
10734
11073
11656
10892
10319
11389
10341
11490
10501
10254
10926
11217
11502
11484
10988
11470
10422
11028
11487
