 Rank  Chip       Q N80  Dataset      Day QPDTStr  QPDTS2   QCETS
x    1 11342   1.000  16  PDTStry 20171201   1.000   0.999        
x    2 11780   0.998  16  PDTStry 20171206   0.998   0.994        
x    3 11755   0.994  16    PDTS2 20171205   0.991   0.994        
x    4 11733   0.990  16    PDTS2 20171203   0.988   0.990        
x    5 11803   0.990  16    PDTS2 20171207   0.984   0.990        
x    7 11637   0.986  16    PDTS2 20171122   0.982   0.986        
x    8 11691   0.983  16  PDTStry 20171201   0.983   0.982        
x    9 11800   0.981  16    PDTS2 20171207   0.977   0.981        
x   10 11610   0.981  16    PDTS2 20171117   0.980   0.981        
x   11 11816   0.980  16    PDTS2 20171207   0.965   0.980        
x   12 11814   0.974  16    PDTS2 20171207   0.966   0.974        
x   13 11611   0.974  16    PDTS2 20171119   0.970   0.974        
x   14 11612   0.973  16  PDTStry 20171117   0.973   0.969        
x   15 11842   0.973  16  PDTStry 20171209   0.973   0.966        
x   16 11738   0.973  16  PDTStry 20171204   0.973                
x   17 11836   0.973  16    PDTS2 20171209   0.970   0.973        
x   18 11707   0.973  16    PDTS2 20171202   0.970   0.973        
x   19 11697   0.970  16  PDTStry 20171201   0.970   0.969        
x   20 11812   0.969  16    PDTS2 20171207   0.964   0.969        
x   21 11759   0.968  16  PDTStry 20171205   0.968   0.626        
x   22 11711   0.968  16  PDTStry 20171201   0.968   0.966        
x   23 11808   0.965  16  PDTStry 20171207   0.965   0.961        
x   25 11615   0.964  16    PDTS2 20171117   0.958   0.964        
x   26 11306   0.963  16    PDTS2 20171129   0.961   0.963        
x   27 11822   0.962  16    PDTS2 20171208   0.958   0.962        
x   28 10395   0.960  16    PDTS2 20171121   0.957   0.960        
x   29 11705   0.957  16  PDTStry 20171201   0.957   0.887        
x   30 11748   0.953  16    PDTS2 20171205   0.946   0.953        
x   31 11650   0.949  16  PDTStry 20171127   0.949   0.940        
x   32 11495   0.949  16    PDTS2 20171121   0.945   0.949        
x   33 11643   0.946  16  PDTStry 20171122   0.946   0.943        
x   34 11770   0.941  16  PDTStry 20171206   0.941   0.934        
x   35 11651   0.940  16  PDTStry 20171127   0.940   0.933        
x   36 11811   0.939  16  PDTStry 20171207   0.939   0.930        
x   37 11690   0.936  16    PDTS2 20171130   0.932   0.936        
x   38 11609   0.936  16    PDTS2 20171117   0.931   0.936        
x   39 11777   0.927  16  PDTStry 20171206   0.927   0.926        
x   40 11341   0.918  16    PDTS2 20171129   0.907   0.918        
x   41 11616   0.917  16    PDTS2 20171117   0.916   0.917        
x   42 11728   0.916  16  PDTStry 20171203   0.916   0.915        
x   43 11773   0.916  16    PDTS2 20171206   0.913   0.916        
x   44 10689   0.913  16    PDTS2 20171119   0.909   0.913        
x   45 11692   0.912  16  PDTStry 20171130   0.912   0.906        
x   46 11752   0.912  16    PDTS2 20171205   0.910   0.912        
x   47 11714   0.910  16    PDTS2 20171201   0.908   0.910        
x   48 11744   0.907  16  PDTStry 20171204   0.907   0.903        
x   49 11454   0.905  16    PDTS2 20171121   0.903   0.905        
x   50 11641   0.897  16  PDTStry 20171122   0.897   0.892        
x   51 11608   0.896  16  PDTStry 20171117   0.896   0.895        
x   52 11802   0.891  16    PDTS2 20171207   0.881   0.891        
x   53 11778   0.887  16    PDTS2 20171206   0.871   0.887        
x   54 11757   0.886  16    PDTS2 20171205   0.881   0.886        
x   55 11245   0.881  16    PDTS2 20171119   0.868   0.881        
x   57 11775   0.873  16  PDTStry 20171206   0.873   0.861        
x   58 11793   0.872  16    PDTS2 20171206   0.871   0.872        
x   59 11699   0.869  16    PDTS2 20171201   0.862   0.869        
x   60 11642   0.867  16    PDTS2 20171122   0.866   0.867        
x   61 11701   0.865  16  PDTStry 20171201   0.865   0.861        
x   62 11820   0.863  16  PDTStry 20171208   0.863   0.801        
x   63 11739   0.858  16  PDTStry 20171204   0.858                
x   64 11807   0.855  16    PDTS2 20171207   0.849   0.855        
x   65 11635   0.855  16    PDTS2 20171122   0.848   0.855        
x   66 11747   0.853  16  PDTStry 20171204   0.853   0.851        
x   67 11654   0.849  16    PDTS2 20171127   0.840   0.849        
x   69 11740   0.842  16    PDTS2 20171204   0.842   0.842        
x   70 11621   0.841  16  PDTStry 20171120   0.841   0.822        
x   71 11681   0.839  16  PDTStry 20171130   0.839   0.761        
x   72 11632   0.836  16  PDTStry 20171121   0.836   0.826        
x   73 11676   0.831  16    PDTS2 20171129   0.823   0.831        
x   74 11762   0.831  16    PDTS2 20171205   0.830   0.831        
x   75 11782   0.830  16    PDTS2 20171206   0.829   0.830        
x   76 11630   0.824  16    PDTS2 20171121   0.824   0.824        
x   77 11826   0.823  16  PDTStry 20171208   0.823   0.822        
x   78 11662   0.822  16    PDTS2 20171127   0.815   0.822        
x   79 11620   0.821  16  PDTStry 20171119   0.821   0.796        
x   80 11751   0.821  16  PDTStry 20171205   0.821   0.817        
x   81 11703   0.816  16  PDTStry 20171201   0.816   0.806        
x   82 11634   0.815  16  PDTStry 20171122   0.815   0.810        
x   83 11735   0.812  16  PDTStry 20171203   0.812   0.790        
x   84 11694   0.810  16    PDTS2 20171130   0.805   0.810        
x   85 11661   0.802  16    PDTS2 20171129   0.791   0.802        
x   86 11790   0.791  16  PDTStry 20171206   0.791                
x   87 11763   0.790  16  PDTStry 20171205   0.790   0.781        
x   88 11783   0.788  16  PDTStry 20171206   0.788   0.786        
x   89 11727   0.788  15    PDTS2 20171202   0.779   0.788        
x   90 11798   0.784  15  PDTStry 20171207   0.784   0.637        
x   91 11712   0.783  15    PDTS2 20171201   0.782   0.783        
x   92 11400   0.779  16  PDTStry 20171129   0.779   0.777        
x   93 11742   0.777  16    PDTS2 20171204   0.769   0.777        
x   94 11633   0.771  16  PDTStry 20171122   0.771   0.768        
x   95 11682   0.770  16    PDTS2 20171130   0.747   0.770        
x   96 11704   0.770  16    PDTS2 20171201   0.757   0.770        
x   97 10972   0.767  16  PDTStry 20171119   0.767   0.765        
x   98 11658   0.759  16  PDTStry 20171127   0.759   0.740        
x   99 11829   0.757  16  PDTStry 20171209   0.757   0.753        
x  100 11716   0.738  15  PDTStry 20171201   0.738   0.728        
x  101 11718   0.734  16    PDTS2 20171201   0.687   0.734        
x  102 11825   0.733  15    PDTS2 20171208   0.716   0.733        
x  103 11631   0.729  15  PDTStry 20171121   0.729   0.728        
x  104 11397   0.723  16  PDTStry 20171129   0.723   0.721        
x  105 10811   0.713  15    PDTS2 20170925   0.696   0.713        
x  107 10734   0.711  15  PDTStry 20170913   0.711   0.711        
x  108 11073   0.710  15    PDTS2 20171005   0.695   0.710        
x  109 11656   0.709  16    PDTS2 20171127   0.698   0.709        
x  110 10892   0.708  15  PDTStry 20170928   0.708                
x  111 10319   0.708  16  PDTStry 20170824   0.708   0.601        
x  112 11389   0.707  15  PDTStry 20171023   0.707   0.684        
x  113 10341   0.707  16    PDTS2 20170825   0.699   0.707        
x  114 11490   0.706  16    PDTS2 20171102   0.104   0.706        
x  115 10501   0.706  16  PDTStry 20170831   0.706   0.691        
x  116 10254   0.705  16    PDTS2 20170822   0.699   0.705        
x  117 10926   0.705  16    PDTS2 20170928   0.674   0.705        
x  118 11217   0.705  16    PDTS2 20171013   0.699   0.705        
x  119 11502   0.704  16  PDTStry 20171102   0.704   0.672        
x  120 11484   0.704  16    PDTS2 20171102   0.700   0.704        
x  121 10988   0.703  16    PDTS2 20171002           0.703        
x  122 11470   0.701  16  PDTStry 20171102   0.701   0.694        
x  123 10422   0.701  15  PDTStry 20170829   0.701                
x  124 11028   0.701  15  PDTStry 20171004   0.701   0.086        
x  125 11487   0.701  15  PDTStry 20171102   0.701   0.686        



remove
------
    6 11521   0.989  16    PDTS2 20171121   0.982   0.989        bent pin
   24 11696   0.964  16  PDTStry 20171130   0.964                bent pin
   56 11302   0.879  16    PDTS2 20171129   0.879   0.879        bad input pin
   68 11646   0.849  16  PDTStry 20171128   0.849   0.832        bad input pin
  106 10359   0.712  15    PDTS2 20170825   0.702   0.712        missing

