 Rank  Chip       Q N80  Dataset      Day QPDTStr  QPDTS2
x    1 10004   0.992  16    PDTS2 20170731   0.960   0.992   Good
x    3 10192   0.978  16    PDTS2 20170817   0.909   0.978
x    4 10161   0.976  16    PDTS2 20170815   0.765   0.976
x    5 10034   0.971  16    PDTS2 20170802   0.918   0.971
x    6 10180   0.954  16    PDTS2 20170816   0.782   0.954
x    7 10137   0.949  16    PDTS2 20170814   0.847   0.949
x    8 10199   0.942  16    PDTS2 20170817   0.720   0.942
x    9 10221   0.935  16    PDTS2 20170818           0.935

x   11 10163   0.910  16    PDTS2 20170816   0.769   0.910   Fair
x   12 10002   0.878  16    PDTS2 20170731   0.776   0.878
x   13 10186   0.873  16    PDTS2 20170817   0.726   0.873
x   14 10206   0.867  16    PDTS2 20170817   0.796   0.867
x   15 10176   0.848  16    PDTS2 20170816   0.820   0.848
x   16 10120   0.831  16    PDTS2 20170811   0.797   0.831
x   17 10213   0.827  16    PDTS2 20170817           0.827
x   18 10162   0.821  16    PDTS2 20170816   0.745   0.821

x   20 10037   0.790  16    PDTS2 20170803   0.655   0.790
x   21 10222   0.774  16    PDTS2 20170818           0.774
x   22 10225   0.768  16    PDTS2 20170818           0.768
x   23 10174   0.767  15    PDTS2 20170816   0.687   0.767
x   24 10032   0.761  16    PDTS2 20170802   0.256   0.761
x   25 10204   0.758  16    PDTS2 20170817   0.632   0.758
x   26 10215   0.754  16    PDTS2 20170818           0.754
x   29 10042   0.726  16    PDTS2 20170803   0.601   0.726

x   30 10014   0.725  16    PDTS2 20170801   0.594   0.725
x   32 10130   0.711  15    PDTS2 20170814   0.665   0.711
x   33 10022   0.704  16  PDTStry 20170801   0.704        
x   34 10041   0.697  16  PDTStry 20170803   0.697        
x   35 10205   0.695  15    PDTS2 20170817   0.594   0.695
x   36 10017   0.692  16  PDTStry 20170802   0.692        
x   37 10202   0.672  16    PDTS2 20170817   0.601   0.672
x   38 10210   0.663  15    PDTS2 20170817           0.663

x   39 10195   0.638  16  PDTStry 20170817   0.638        
x   40 10184   0.634  16    PDTS2 20170816   0.590   0.634
x   41 10236   0.622  15    PDTS2 20170818           0.622
x   42 10069   0.586  16    PDTS2 20170808   0.218   0.586
x   43 10047   0.580  16  PDTStry 20170803   0.580        
x   44 10123   0.574  15    PDTS2 20170811   0.508   0.574
x   45 10207   0.571  16  PDTStry 20170817   0.571        
x   46 10159   0.561  15    PDTS2 20170815   0.430   0.561

x   48 10039   0.532  16    PDTS2 20170803   0.099   0.532
x   49 10211   0.528  15    PDTS2 20170817           0.528
x   50 10104   0.527  14    PDTS2 20170810   0.395   0.527
x   51 10033   0.525  16  PDTStry 20170802   0.525        
x   55 10185   0.475  15    PDTS2 20170816   0.432   0.475
x   56 10239   0.465  15    PDTS2 20170818           0.465
x   57 10148   0.445  15    PDTS2 20170815           0.445
x   58 10197   0.439  15    PDTS2 20170817   0.236   0.439

x   60 10235   0.414  15    PDTS2 20170818           0.414   Poor
x   61 10113   0.406  15    PDTS2 20170811   0.371   0.406
x   62 10111   0.381  15    PDTS2 20170811   0.276   0.381
x   63 10156   0.377  15    PDTS2 20170815   0.357   0.377
x   64 10152   0.360  15    PDTS2 20170815   0.119   0.360
x   65 10179   0.342  14    PDTS2 20170816   0.298   0.342
x   67 10138   0.318  14    PDTS2 20170814   0.242   0.318
x   68 10234   0.302  15    PDTS2 20170818           0.302

x   69 10212   0.275  15    PDTS2 20170817           0.275
x   70 10135   0.271  15    PDTS2 20170814   0.241   0.271
x   71 10160   0.258  15    PDTS2 20170815   0.000   0.258
x   72 10103   0.254  15  PDTStry 20170810   0.254        
x   73 10200   0.230  14    PDTS2 20170817   0.217   0.230
x   74 10171   0.222  15    PDTS2 20170816   0.205   0.222
x   75 10124   0.221  15    PDTS2 20170811   0.181   0.221
x   76 10021   0.207  15  PDTStry 20170801   0.207        

x   77 10028   0.207  13    PDTS2 20170802   0.155   0.207
x   80 10151   0.199  15    PDTS2 20170815   0.133   0.199
x   81 10125   0.198  15    PDTS2 20170811   0.149   0.198
x   82 10196   0.187  15    PDTS2 20170817   0.132   0.187
x   83 10105   0.182  15  PDTStry 20170810   0.182        
x   84 10025   0.176  14  PDTStry 20170801   0.176   0.028
x   85 10182   0.167  14    PDTS2 20170816   0.125   0.167
x   86 10081   0.156  15    PDTS2 20170809   0.117   0.156

x   87 10209   0.153  15    PDTS2 20170817           0.153
x   88 10020   0.148  15  PDTStry 20170801   0.148        
x   89 10016   0.148  14  PDTStry 20170803   0.148        
x   90 10023   0.141  15    PDTS2 20170801   0.047   0.141
x   91 10166   0.138  15  PDTStry 20170816   0.138        
x   92 10074   0.137  12    PDTS2 20170808   0.001   0.137
x   93 10241   0.136  15    PDTS2 20170818           0.136
x   94 10057   0.132  15  PDTStry 20170808   0.132        

