 Rank  Chip       Q N80  Dataset      Day QPDTStr  QPDTS2   QCETS
x    3 12278   0.989  16    PDTS2 20180122   0.915   0.989        
x    4 12499   0.988  16  PDTStry 20180131   0.988   0.985        
x    5 12284   0.972  16    PDTS2 20180122   0.969   0.972        
x    6 12354   0.972  16  PDTStry 20180125   0.972   0.971        
x    7 12473   0.972  16    PDTS2 20180129   0.971   0.972        
x    8 12514   0.970  16  PDTStry 20180131   0.970   0.746        
x   11 12453   0.967  16  PDTStry 20180128   0.967   0.932        
x   12 12306   0.965  16    PDTS2 20180124   0.964   0.965        

x   13 12513   0.964  16  PDTStry 20180130   0.964   0.957        
x   15 12536   0.963  16    PDTS2 20180131   0.957   0.963        
x   17 12392   0.959  16    PDTS2 20180126   0.959   0.959        
x   18 12550   0.958  16  PDTStry 20180131   0.958   0.957        
x   19 12487   0.949  16    PDTS2 20180129   0.946   0.949        
x   20 12528   0.949  16    PDTS2 20180131   0.945   0.949        
x   21 12566   0.948  16    PDTS2 20180201   0.937   0.948        
x   22 12292   0.947  16    PDTS2 20180123   0.939   0.947        

x   24 12373   0.939  16    PDTS2 20180126   0.871   0.939        
x   25 12449   0.935  16    PDTS2 20180128   0.811   0.935        
x   26 12253   0.934  16  PDTStry 20180123   0.934   0.934        
x   27 12343   0.934  16    PDTS2 20180125   0.932   0.934        
x   28 12483   0.932  16  PDTStry 20180129   0.932   0.898        
x   29 12420   0.925  16  PDTStry 20180128   0.925   0.916        
x   30 12488   0.923  16  PDTStry 20180129   0.923   0.920        
x   31 12494   0.920  16  PDTStry 20180129   0.920   0.919        

x   32 12024   0.920  16    PDTS2 20180117   0.915   0.920        
x   33 12501   0.916  16    PDTS2 20180130   0.916   0.916        
x   34 12342   0.914  16  PDTStry 20180125   0.914   0.899        
x   35 12095   0.910  16    PDTS2 20180117   0.898   0.910        
x   36 12365   0.909  16  PDTStry 20180125   0.909   0.893        
x   37 12299   0.909  16  PDTStry 20180123   0.909   0.896        
x   38 12409   0.902  16  PDTStry 20180128   0.902   0.881        
x   40 12332   0.892  16    PDTS2 20180124   0.889   0.892        

x   41 12541   0.892  16    PDTS2 20180131           0.892        
x   42 12341   0.888  16    PDTS2 20180126   0.867   0.888        
x   43 12404   0.886  16    PDTS2 20180128   0.883   0.886        
x   44 12331   0.885  16    PDTS2 20180124   0.879   0.885        
x   45 12316   0.885  16    PDTS2 20180124   0.717   0.885        
x   46 12493   0.882  16    PDTS2 20180129   0.882   0.882        
x   47 12461   0.881  16    PDTS2 20180131   0.876   0.881        
x   48 12481   0.879  16  PDTStry 20180129   0.879   0.868        

x   49 12329   0.876  16  PDTStry 20180124   0.876   0.876        
x   50 12382   0.876  16  PDTStry 20180126   0.876   0.281        
x   51 12446   0.873  16  PDTStry 20180128   0.873   0.872        
x   52 12476   0.871  16    PDTS2 20180129   0.861   0.871        
x   54 12349   0.868  16  PDTStry 20180125   0.868   0.847        
x   55 12377   0.867  16    PDTS2 20180126   0.744   0.867        
x   56 12531   0.858  16  PDTStry 20180131   0.858   0.854        
x   57 12280   0.857  16    PDTS2 20180122   0.848   0.857        

x   58 12127   0.855  16    PDTS2 20180118   0.855   0.855        
x   59 12500   0.853  16  PDTStry 20180130   0.853   0.842        
x   60 12258   0.852  16  PDTStry 20180122   0.852   0.847        
x   61 12522   0.850  16  PDTStry 20180130   0.850   0.849        
x   62 12526   0.846  16    PDTS2 20180131   0.840   0.846        
x   63 12311   0.845  16  PDTStry 20180124   0.845   0.793        
x   64 12520   0.844  16  PDTStry 20180130   0.844   0.823        
x   65 12394   0.842  16  PDTStry 20180126   0.842   0.794        

x   66 12347   0.841  16    PDTS2 20180125   0.829   0.841        
x   67 12406   0.840  16    PDTS2 20180128   0.818   0.840        
x   68 12470   0.839  16    PDTS2 20180129   0.830   0.839        
x   69 12506   0.833  16    PDTS2 20180130   0.826   0.833        
x   71 12414   0.829  16    PDTS2 20180128   0.822   0.829        
x   72 12374   0.824  16    PDTS2 20180126   0.816   0.824        
x   73 12356   0.824  16    PDTS2 20180125   0.813   0.824        
x   74 12320   0.824  16  PDTStry 20180124   0.824   0.791        

x   75 12410   0.824  16  PDTStry 20180128   0.824   0.821        
x   77 12561   0.822  16    PDTS2 20180201   0.804   0.822        
x   78 12457   0.821  16    PDTS2 20180129   0.811   0.821        
x   79 12309   0.814  16  PDTStry 20180124   0.814   0.806        
x   81 12564   0.811  16    PDTS2 20180201   0.801   0.811        
x   82 12357   0.809  16    PDTS2 20180125   0.374   0.809        
x   83 12303   0.809  16    PDTS2 20180123   0.788   0.809        
x   84 12504   0.806  16  PDTStry 20180130   0.806   0.796        

x   85 12327   0.803  16    PDTS2 20180124   0.748   0.803        
x   86 12263   0.801  16    PDTS2 20180122   0.792   0.801        
x   87 12289   0.798  16    PDTS2 20180123   0.793   0.798        
x   88 12348   0.794  16    PDTS2 20180125   0.291   0.794        
x   91 12407   0.787  16  PDTStry 20180128   0.787   0.772        
x   92 12421   0.785  16    PDTS2 20180128   0.757   0.785        
x   93 12338   0.780  16  PDTStry 20180124   0.780   0.755        
x   94 12468   0.780  16  PDTStry 20180129   0.780   0.780        

x   95 12312   0.779  16  PDTStry 20180124   0.779   0.740        
x   97 12519   0.776  16  PDTStry 20180130   0.776   0.727        
x   99 12259   0.775  15  PDTStry 20180122   0.775   0.753        
x  100 12298   0.774  16    PDTS2 20180123   0.766   0.774        
x  101 12388   0.773  16  PDTStry 20180126   0.773   0.753        
x  102 12400   0.772  16  PDTStry 20180126   0.772   0.744        
x  103 12326   0.772  16    PDTS2 20180124   0.444   0.772        
x  104 12273   0.768  16    PDTS2 20180122   0.761   0.768        

x  105 12318   0.767  16    PDTS2 20180124   0.378   0.767        
x  106 12300   0.766  16  PDTStry 20180123   0.766   0.657        
x  107 12361   0.758  16    PDTS2 20180125   0.748   0.758        
x  108 12510   0.753  16  PDTStry 20180130   0.753   0.738        
x  109 12497   0.750  16    PDTS2 20180129   0.442   0.750        
x  111 12478   0.744  15  PDTStry 20180129   0.744   0.732        
x  113 12402   0.739  15    PDTS2 20180126   0.719   0.739        
x  115 12456   0.736  15  PDTStry 20180129   0.736   0.708        



bad bulk resolution (has been put in retest)
   70 12540   0.831  16    PDTS2 20180131   0.821   0.831 mark D2540_131 as a bad test

bad input pin (bad)
B    2 12285   0.991  16    PDTS2 20180122   0.958   0.991 mark as bad
B    9 12398   0.968  16  PDTStry 20180126   0.968   0.964
B   23 12355   0.940  16    PDTS2 20180125   0.940   0.940        
B   76 12350   0.823  16  PDTStry 20180125   0.823   0.815        
B   89 12549   0.793  16    PDTS2 20180131   0.782   0.793

broken pin (bad)
B   14 12425   0.963  16    PDTS2 20180128   0.960   0.963 mark as bad
B   16 12360   0.961  16  PDTStry 20180126   0.961   0.935        
B   96 12430   0.777  16    PDTS2 20180128   0.000   0.777        
B  110 12539   0.749  15    PDTS2 20180131   0.719   0.749        

missing (keep in ranking)
    1 12269   0.994  16    PDTS2 20180122   0.994   0.994        
   10 11896   0.967  16    PDTS2 20171213   0.966   0.967        
   39 12282   0.895  16    PDTS2 20180122   0.534   0.895        
   53 11852   0.868  16    PDTS2 20171209   0.863   0.868        
   80 11941   0.814  16    PDTS2 20171215   0.814   0.814        
   90 12314   0.789  16    PDTS2 20180124   0.586   0.789        
   98 11894   0.775  16    PDTS2 20171213   0.762   0.775        

