 Rank  Chip       Q N80  Dataset      Day QPDTStr  QPDTS2   QCETS
x    1 12247   0.997  16  PDTStry 20180121   0.997   0.994        
x    2 12196   0.997  16  PDTStry 20180119   0.997   0.994        
x    3 12208   0.995  16    PDTS2 20180119   0.992   0.995        
x    4 12204   0.993  16  PDTStry 20180119   0.993   0.991        
x    7 12243   0.992  16    PDTS2 20180121   0.988   0.992        
x    9 12244   0.978  16  PDTStry 20180121   0.978   0.971        
x   10 12181   0.970  16    PDTS2 20180118   0.968   0.970        
x   12 12092   0.963  16    PDTS2 20180117   0.963   0.963        

x   13 12219   0.960  16    PDTS2 20180121   0.953   0.960        
x   14 12163   0.958  16    PDTS2 20180116   0.954   0.958        
x   15 12119   0.955  16    PDTS2 20180118   0.955   0.955
x   16 12008   0.952  16  PDTStry 20180117   0.952   0.947        
x   17 11947   0.952  16  PDTStry 20171215   0.952   0.926        
x   19 12225   0.941  16  PDTStry 20180121   0.941   0.928        
x   20 12201   0.940  16  PDTStry 20180119   0.940   0.938        
x   21 12074   0.931  16  PDTStry 20180117   0.931   0.926        

x   23 12094   0.926  16    PDTS2 20180117   0.924   0.926        
x   24 12230   0.924  16    PDTS2 20180121   0.924   0.924        
x   25 12044   0.910  16    PDTS2 20180116   0.906   0.910        
x   26 12199   0.900  16    PDTS2 20180119   0.895   0.900        
x   27 12098   0.899  16  PDTStry 20180118   0.899   0.894        
x   28 12079   0.899  16  PDTStry 20180117   0.899   0.876        
x   29 12187   0.898  16    PDTS2 20180118   0.776   0.898        
x   30 12104   0.897  16    PDTS2 20180118   0.895   0.897

x   31 12216   0.894  16    PDTS2 20180119   0.889   0.894        
x   32 12197   0.892  16    PDTS2 20180119   0.888   0.892        
x   33 12189   0.892  16  PDTStry 20180118   0.892   0.889        
x   34 12083   0.888  16  PDTStry 20180117   0.888   0.886        
x   36 12173   0.887  16    PDTS2 20180118   0.836   0.887        
x   37 12097   0.870  16  PDTStry 20180117   0.870   0.864         
x   39 12041   0.859  16    PDTS2 20180116   0.852   0.859        
x   40 11882   0.858  16  PDTStry 20171213   0.858   0.787        

x   41 12218   0.854  16  PDTStry 20180119   0.854   0.852        
x   42 12096   0.848  16    PDTS2 20180117   0.839   0.848        
x   43 12010   0.845  16  PDTStry 20180118   0.845   0.844        
x   44 11935   0.843  16  PDTStry 20171215   0.843   0.741        
x   45 12140   0.835  16  PDTStry 20180118   0.835   0.827        
x   46 12158   0.816  16    PDTS2 20180116   0.809   0.816        
x   48 12211   0.811  16  PDTStry 20180119   0.811   0.796        
x   49 12188   0.796  16    PDTS2 20180118   0.785   0.796        

x   50 12175   0.791  16    PDTS2 20180118   0.767   0.791        
x   51 12039   0.788  16  PDTStry 20180116   0.788   0.786        
x   53 12037   0.769  16    PDTS2 20180102   0.759   0.769        
x   54 12202   0.749  16    PDTS2 20180119   0.722   0.749        
x   55 12171   0.748  16  PDTStry 20180118   0.748   0.729        
x   56 12067   0.745  16    PDTS2 20180117   0.740   0.745        
x   57 12177   0.743  16    PDTS2 20180118   0.713   0.743        
x   60 11991   0.727  15    PDTS2 20171226   0.692   0.727        


bad bulk resolution (these are already retested but are still ranked by the bad runs):
   18 12095   0.949  16  PDTStry 20180111   0.949   0.922        remove DUNE17-cold_chipD2095_0111, keep 0117
   22 12024   0.929  16  PDTStry 20171229   0.929   0.920        remove DUNE17-cold_chipD2024_1229, keep 0117
   35 12127   0.888  16    PDTS2 20180113   0.855   0.888        remove DUNE17-cold_chipD2127_0113, keep 0118

bad input pin (remove)
    5 12210   0.993  16    PDTS2 20180119   0.949   0.993        

bent input pin (remove):
    6 12138   0.993  16    PDTS2 20180113   0.084   0.993        
    8 12048   0.989  16  PDTStry 20180116   0.989   0.988        

bad SPI readback x2 (remove):
   65 12162   0.706  16  PDTStry 20180116   0.706                

used as replacement chip on FEMB (mark as selected):
   66 11942   0.700  15  PDTStry 20171215   0.700   0.699        

could not find (leave in ranking for now):
   11 11896   0.967  16    PDTS2 20171213   0.966   0.967        
   38 11852   0.868  16    PDTS2 20171209   0.863   0.868        
   47 11941   0.814  16    PDTS2 20171215   0.814   0.814        
   52 11894   0.775  16    PDTS2 20171213   0.762   0.775        

