 Rank  Chip       Q N80  Dataset      Day QPDTStr  QPDTS2   QCETS
x    1 13365   0.998  16    PDTS2 20180314   0.997   0.998        
x    2 13427   0.997  16    PDTS2 20180315   0.997   0.997        
x    4 13269   0.996  16    PDTS2 20180309   0.996   0.996        
x    5 13401   0.987  16  PDTStry 20180315   0.987   0.986        
x    6 13301   0.987  16    PDTS2 20180309   0.985   0.987        
x    7 13426   0.982  16  PDTStry 20180315   0.982   0.979        
x    8 13405   0.980  16    PDTS2 20180315   0.976   0.980        
x   10 13422   0.978  16    PDTS2 20180315   0.969   0.978        

x   11 13352   0.968  16  PDTStry 20180314   0.968   0.966        
x   12 13327   0.967  16  PDTStry 20180312   0.967   0.966        
x   13 13362   0.961  16  PDTStry 20180314   0.961   0.961        
x   14 13409   0.958  16    PDTS2 20180315   0.953   0.958        
x   15 13375   0.947  16    PDTS2 20180314   0.947   0.947        
x   16 13356   0.942  16  PDTStry 20180314   0.942   0.941        
x   18 13391   0.936  16    PDTS2 20180315   0.925   0.936        
x   19 13369   0.935  16    PDTS2 20180314   0.934   0.935        

x   20 13364   0.930  16    PDTS2 20180314   0.924   0.930        
x   22 13415   0.916  16    PDTS2 20180315   0.908   0.916        
x   23 13402   0.912  16    PDTS2 20180315   0.266   0.912        
x   26 13408   0.894  16  PDTStry 20180315   0.894   0.878        
x   27 13319   0.890  16    PDTS2 20180312   0.888   0.890        
x   28 13367   0.887  16    PDTS2 20180314   0.885   0.887        
x   29 13317   0.878  16    PDTS2 20180314   0.871   0.878        
x   30 13316   0.874  16    PDTS2 20180312   0.871   0.874        

x   31 13397   0.873  16  PDTStry 20180315   0.873   0.868        
x   32 13379   0.864  16    PDTS2 20180315   0.856   0.864        
x   33 13373   0.859  16    PDTS2 20180314   0.854   0.859        
x   34 13380   0.855  16  PDTStry 20180315   0.855   0.853        
x   36 12966   0.850  16    PDTS2 20180216   0.844   0.850        
x   37 13396   0.827  16  PDTStry 20180315   0.827   0.815        
x   38 13406   0.826  16  PDTStry 20180315   0.826   0.826        
x   39 13434   0.824  16    PDTS2 20180315   0.802   0.824        

x   40 13377   0.824  16    PDTS2 20180314   0.822   0.824        
x   41 13304   0.817  16  PDTStry 20180309   0.817   0.811        
x   42 13334   0.816  16    PDTS2 20180313   0.814   0.816        
x   45 13331   0.803  16  PDTStry 20180313   0.803   0.796        
x   46 13376   0.800  16  PDTStry 20180314   0.800   0.788        
x   47 13403   0.797  16    PDTS2 20180315   0.794   0.797        
x   48 13399   0.796  16  PDTStry 20180315   0.796   0.779        
x   49 13432   0.795  16  PDTStry 20180315   0.795   0.786        

x   50 13435   0.786  16    PDTS2 20180315   0.777   0.786        
x   51 13438   0.776  16  PDTStry 20180315   0.776   0.767        
x   53 13368   0.763  16  PDTStry 20180314   0.763   0.753        
x   54 13371   0.762  16    PDTS2 20180314   0.757   0.762        
x   56 13398   0.756  16  PDTStry 20180315   0.756   0.754        
x   59 13395   0.736  16  PDTStry 20180315   0.736   0.735        
x   60 13337   0.720  16  PDTStry 20180313   0.720   0.703        
x   62 13431   0.708  16  PDTStry 20180315   0.708   0.683        


try ranked much higher than full test (retest):
   43 13339   0.815  16  PDTStry 20180313   0.815   0.151        
   52 13178   0.770  16  PDTStry 20180301   0.770                
   55 13274   0.758  16  PDTStry 20180308   0.758                

try ranked much higher than full on 2 different tests (bad):
y   17 13265   0.938  16  PDTStry 20180308   0.938   0.270        

high input pin (bad):
y   57 13357   0.748  16  PDTStry 20180314   0.748   0.744        

bent pin (bad):
y    3 13444   0.997  16  PDTStry 20180315   0.997   0.995        
y    9 13447   0.978  16  PDTStry 20180316   0.978   0.977        
y   21 13448   0.925  16    PDTS2 20180316   0.925   0.925        
y   24 13440   0.909  16    PDTS2 20180315   0.904   0.909        
y   25 13439   0.906  16  PDTStry 20180315   0.906   0.906        
y   35 13442   0.854  16    PDTS2 20180315   0.846   0.854        
y   44 13446   0.812  16    PDTS2 20180316   0.810   0.812        
y   58 13449   0.738  16    PDTS2 20180316   0.730   0.738        
