 Rank  Chip       Q N80  Dataset      Day QPDTStr  QPDTS2   QCETS
x    1 13004   0.999  16    PDTS2 20180217   0.998   0.999        
x    2 13093   0.990  16  PDTStry 20180227   0.990   0.985        
x    4 13174   0.985  16  PDTStry 20180301   0.985   0.985        
x    5 13129   0.972  16  PDTStry 20180228   0.972   0.968        
x    6 12983   0.969  16  PDTStry 20180217   0.969   0.967        
x    8 13264   0.965  16    PDTS2 20180308   0.960   0.965      
x    9 12849   0.961  16    PDTS2 20180216   0.961   0.961        
x   10 13189   0.954  16    PDTS2 20180302   0.945   0.954        

x   13 13134   0.936  16  PDTStry 20180228   0.936   0.930        
x   14 13267   0.935  16    PDTS2 20180308   0.931   0.935        
x   15 13100   0.926  16  PDTStry 20180227   0.926   0.920        
x   16 13201   0.926  16  PDTStry 20180302   0.926   0.925        
x   17 12959   0.925  16    PDTS2 20180216           0.925        
x   18 13202   0.921  16    PDTS2 20180302   0.918   0.921        
x   19 13231   0.912  16  PDTStry 20180306   0.912   0.903        
x   20 13065   0.908  16    PDTS2 20180225   0.895   0.908        

x   21 13024   0.906  16    PDTS2 20180219   0.899   0.906        
x   22 13048   0.899  16    PDTS2 20180220   0.899   0.899        
x   23 13037   0.895  16  PDTStry 20180219   0.895   0.890        
x   24 13149   0.894  16    PDTS2 20180228   0.892   0.894        
x   25 13064   0.894  16  PDTStry 20180225   0.894   0.844        
x   26 13234   0.891  16    PDTS2 20180306   0.889   0.891        
x   27 13150   0.890  16  PDTStry 20180228   0.890   0.888        
x   28 13058   0.889  16    PDTS2 20180225   0.879   0.889        

x   29 12974   0.885  16  PDTStry 20180216   0.885   0.872        
x   30 13007   0.883  16    PDTS2 20180218   0.878   0.883        
x   31 13029   0.882  16    PDTS2 20180219   0.879   0.882        
x   32 13263   0.881  16    PDTS2 20180308   0.873   0.881        
x   33 13070   0.878  16    PDTS2 20180225   0.876   0.878        
x   34 13218   0.873  16  PDTStry 20180305   0.873   0.872        
x   35 13170   0.873  16  PDTStry 20180301   0.873   0.870        
x   36 13054   0.872  16    PDTS2 20180224   0.865   0.872        

x   37 13261   0.867  16  PDTStry 20180308   0.867   0.850        
x   38 13010   0.866  16  PDTStry 20180218   0.866   0.858        
x   39 13187   0.855  16    PDTS2 20180302   0.761   0.855        
x   40 12968   0.853  16    PDTS2 20180216   0.807   0.853        
x   42 13162   0.846  16  PDTStry 20180301   0.846   0.822        
x   43 13237   0.846  16    PDTS2 20180306   0.845   0.846        
x   44 13156   0.835  16    PDTS2 20180301   0.828   0.835        
x   45 13177   0.834  16  PDTStry 20180302   0.834   0.831        

x   46 13138   0.831  16    PDTS2 20180228   0.824   0.831        
x   47 13074   0.828  16    PDTS2 20180228   0.812   0.828        
x   48 13225   0.821  16  PDTStry 20180305   0.821   0.806        
x   49 13198   0.821  16  PDTStry 20180302   0.821   0.582        
x   50 13052   0.821  16    PDTS2 20180224   0.814   0.821        
x   51 13043   0.820  16    PDTS2 20180219   0.807   0.820        
x   52 13176   0.816  16    PDTS2 20180301   0.809   0.816        
x   55 13115   0.803  16    PDTS2 20180227   0.800   0.803        

x   56 13088   0.802  16    PDTS2 20180226   0.802   0.802        
x   57 13122   0.802  16  PDTStry 20180228   0.802   0.798        
x   58 13020   0.794  16    PDTS2 20180218   0.792   0.794        
x   59 13075   0.792  16    PDTS2 20180226   0.783   0.792        
x   60 12993   0.779  16  PDTStry 20180217   0.779   0.664        
x   61 13079   0.777  16  PDTStry 20180226   0.777   0.679        
x   62 13247   0.777  16  PDTStry 20180307   0.777   0.766        
x   63 13191   0.776  16  PDTStry 20180302   0.776   0.770        

x   64 13042   0.776  16    PDTS2 20180219   0.331   0.776        
x   65 12977   0.771  16    PDTS2 20180216   0.766   0.771        
x   67 13109   0.767  16    PDTS2 20180227   0.763   0.767        
x   68 13013   0.765  16    PDTS2 20180218   0.745   0.765        
x   69 13092   0.765  16    PDTS2 20180226   0.765   0.765        
x   70 13060   0.759  16    PDTS2 20180225   0.746   0.759        
x   71 12991   0.759  16  PDTStry 20180217   0.759   0.743        
x   73 13106   0.756  16    PDTS2 20180227   0.743   0.756        

x   74 12984   0.754  16    PDTS2 20180217           0.754        
x   75 13182   0.753  15  PDTStry 20180301   0.753   0.401        
x   76 13221   0.752  15  PDTStry 20180305   0.752   0.744        
x   77 13166   0.745  16    PDTS2 20180301   0.744   0.745        
x   78 13083   0.736  16    PDTS2 20180226   0.729   0.736        
x   79 12954   0.734  16  PDTStry 20180216   0.734   0.733        
x   80 13117   0.733  16    PDTS2 20180227   0.705   0.733        
x   81 13095   0.731  15    PDTS2 20180227   0.725   0.731        

x   82 13040   0.729  16  PDTStry 20180219   0.729   0.729        
x   83 13087   0.729  16  PDTStry 20180226   0.729   0.713        
x   84 12963   0.724  16  PDTStry 20180216   0.724   0.700        
x   85 13203   0.723  16  PDTStry 20180302   0.723   0.377        
x   86 13209   0.719  16  PDTStry 20180305   0.719   0.714        
x   87 13047   0.718  15  PDTStry 20180220   0.718   0.709        
x   88 13194   0.718  16    PDTS2 20180302   0.693   0.718        
x   89 13155   0.717  15    PDTS2 20180301   0.708   0.717        


no good full data run (retest):
    3 13269   0.989  16  PDTStry 20180308   0.989                
   66 13178   0.770  16  PDTStry 20180301   0.770                
   72 13274   0.758  16  PDTStry 20180308   0.758                

DA try data ranked chip much higher than full run (retest):
   12 13265   0.938  16  PDTStry 20180308   0.938   0.002        

bad input pin (bad):
    7 13097   0.966  16    PDTS2 20180227   0.960   0.966        
   53 12953   0.809  16    PDTS2 20180216           0.809        
   54 13240   0.803  16    PDTS2 20180306   0.796   0.803        

given as replacement to Junbin (selected):
   11 13108   0.951  16  PDTStry 20180227   0.951   0.948        

bad minimum ADC code (retest):
   41 12966   0.850  16    PDTS2 20180216   0.844   0.850        

