 Rank  Chip       Q N80  Dataset      Day QPDTStr  QPDTS2   QCETS
x    1 12878   0.999  16    PDTS2 20180213   0.998   0.999        
x    3 12826   0.990  16  PDTStry 20180212   0.990   0.982        
x    4 12863   0.990  16  PDTStry 20180213   0.990   0.989        
x    5 12783   0.989  16  PDTStry 20180212   0.989   0.988        
x    6 12840   0.987  16    PDTS2 20180214   0.986   0.987        
x    7 12785   0.985  16    PDTS2 20180213   0.984   0.985        
x    8 12790   0.981  16  PDTStry 20180211   0.981   0.980        
x    9 12839   0.977  16    PDTS2 20180212   0.973   0.977        

x   10 12948   0.973  16  PDTStry 20180215   0.973   0.969        
x   11 12895   0.968  16  PDTStry 20180214   0.968   0.965        
x   13 12866   0.954  16  PDTStry 20180213   0.954   0.953        
x   14 12905   0.952  16    PDTS2 20180214   0.947   0.952        
x   15 12791   0.948  16    PDTS2 20180211   0.946   0.948        
x   16 12823   0.946  16    PDTS2 20180212   0.939   0.946        
x   17 12885   0.945  16    PDTS2 20180213   0.942   0.945        
x   18 12859   0.942  16  PDTStry 20180215   0.942   0.939        

x   19 12931   0.937  16  PDTStry 20180215   0.937   0.917        
x   20 12784   0.929  16  PDTStry 20180211   0.929   0.923        
x   21 12812   0.927  16    PDTS2 20180211           0.927        
x   22 12795   0.926  16  PDTStry 20180215   0.926   0.922        
x   23 12779   0.924  16  PDTStry 20180210   0.924   0.907        
x   24 12927   0.919  16  PDTStry 20180215   0.919   0.916        
x   25 12767   0.916  16    PDTS2 20180211   0.913   0.916        
x   26 12822   0.910  16    PDTS2 20180211   0.791   0.910        

x   27 12911   0.900  16  PDTStry 20180214   0.900   0.887        
x   28 12782   0.899  16    PDTS2 20180210   0.889   0.899        
x   29 12864   0.897  16    PDTS2 20180213   0.895   0.897        
x   30 12890   0.891  16  PDTStry 20180215   0.891   0.000        
x   32 12920   0.868  16    PDTS2 20180214   0.868   0.868        
x   33 12828   0.863  16  PDTStry 20180212   0.863   0.858        
x   34 12817   0.860  16  PDTStry 20180212   0.860   0.825        
x   35 12916   0.859  16  PDTStry 20180214   0.859   0.854        

x   36 12842   0.854  16  PDTStry 20180212   0.854   0.842        
x   37 12851   0.839  16  PDTStry 20180214   0.839   0.839        
x   38 12774   0.839  16    PDTS2 20180210   0.816   0.839        
x   39 12789   0.817  16    PDTS2 20180215   0.813   0.817        
x   41 12943   0.810  16    PDTS2 20180215   0.693   0.810        
x   42 12892   0.809  16    PDTS2 20180214   0.808   0.809        
x   43 12872   0.802  16    PDTS2 20180213   0.801   0.802        
x   44 12889   0.798  16    PDTS2 20180214   0.794   0.798        

x   48 12815   0.780  16  PDTStry 20180211   0.780   0.426        
x   52 12850   0.769  16    PDTS2 20180212   0.767   0.769        
x   53 12800   0.768  16  PDTStry 20180211   0.768   0.697        
x   54 12879   0.765  16  PDTStry 20180213   0.765   0.749        
x   56 12820   0.741  15  PDTStry 20180211   0.741   0.740        
x   57 12942   0.739  15  PDTStry 20180215   0.739   0.731        
x   58 12875   0.729  16    PDTS2 20180213   0.729   0.729        
x   59 12946   0.720  15    PDTS2 20180215   0.704   0.720        

replacement chip for Junbin (mark as selected)
   60 12871   0.717  16    PDTS2 20180213   0.704   0.717

failed to setup in LN2 (bad)
y   61 12610   0.786  16  PDTStry 20180208   0.786   0.186 
y   62 12484   0.700  16  PDTStry 20180129   0.700                

full test didn't finish, DA data had discontinuity (put in retest)
   45 12849   0.792  16  PDTStry 20180212   0.792                

bent pin (bad)
y   50 12770   0.773  16  PDTStry 20180211   0.773   0.752 
y   51 12712   0.770  16  PDTStry 20180207   0.770   0.270        

still missing (leave in ranking)
    2 12269   0.994  16    PDTS2 20180122   0.994   0.994        
   12 11896   0.967  16    PDTS2 20171213   0.966   0.967        
   31 11852   0.868  16    PDTS2 20171209   0.863   0.868        
   40 11941   0.814  16    PDTS2 20171215   0.814   0.814        
   46 12314   0.789  16    PDTS2 20180124   0.586   0.789        
   49 11894   0.775  16    PDTS2 20171213   0.762   0.775        
   55 11856   0.742  15    PDTS2 20171211   0.715   0.742        
