 Rank  Chip       Q N80  Dataset      Day QPDTStr  QPDTS2   QCETS
x    2 12656   0.992  16    PDTS2 20180205   0.992   0.992        
x    3 12622   0.984  16    PDTS2 20180203   0.984   0.984        
x    4 12734   0.983  16  PDTStry 20180208   0.983   0.982        
x    5 12625   0.975  16    PDTS2 20180203   0.974   0.975        
x    6 12702   0.973  16  PDTStry 20180207   0.973   0.973        
x    8 12676   0.967  16  PDTStry 20180206   0.967   0.960        
x    9 12649   0.965  16    PDTS2 20180205           0.965        
x   10 12645   0.963  16    PDTS2 20180205   0.940   0.963        

x   11 12632   0.958  16    PDTS2 20180203   0.956   0.958        
x   12 12623   0.955  16  PDTStry 20180203   0.955   0.952        
x   13 12684   0.952  16    PDTS2 20180206   0.948   0.952        
x   14 12714   0.949  16    PDTS2 20180208   0.946   0.949        
x   15 12617   0.948  16    PDTS2 20180205   0.934   0.948        
x   16 12693   0.945  16    PDTS2 20180207   0.939   0.945        
x   17 12766   0.943  16    PDTS2 20180209   0.899   0.943        
x   19 12659   0.941  16  PDTStry 20180205   0.941   0.941        

x   20 12629   0.938  16  PDTStry 20180203   0.938   0.927        
x   21 12652   0.937  16    PDTS2 20180205   0.803   0.937        
x   22 12590   0.933  16  PDTStry 20180202   0.933   0.931        
x   23 12540   0.930  16    PDTS2 20180205   0.928   0.930        
x   24 12708   0.923  16  PDTStry 20180207   0.923   0.697        
x   25 12636   0.920  16  PDTStry 20180208   0.920   0.913        
x   26 12703   0.918  16    PDTS2 20180207   0.918   0.918        
x   27 12750   0.914  16  PDTStry 20180209   0.914   0.863        

x   28 12660   0.912  16    PDTS2 20180205   0.912   0.912        
x   29 12640   0.909  16    PDTS2 20180205   0.903   0.909        
x   30 12579   0.904  16  PDTStry 20180202   0.904   0.903        
x   31 12699   0.901  16    PDTS2 20180207   0.900   0.901        
x   33 12709   0.893  16    PDTS2 20180207   0.883   0.893        
x   34 12756   0.889  16    PDTS2 20180209           0.889        
x   35 12679   0.888  16    PDTS2 20180206   0.885   0.888        
x   36 12665   0.881  16  PDTStry 20180205   0.881   0.876        

x   37 12637   0.876  16    PDTS2 20180205   0.745   0.876        
x   38 12732   0.874  16  PDTStry 20180208   0.874   0.862        
x   39 12701   0.873  16    PDTS2 20180207   0.860   0.873        
x   41 12692   0.866  16    PDTS2 20180206   0.849   0.866        
x   42 12753   0.863  16  PDTStry 20180209   0.863   0.857        
x   43 12600   0.862  16  PDTStry 20180202   0.862   0.858        
x   44 12618   0.860  16    PDTS2 20180202   0.801   0.860        
x   45 12591   0.858  16    PDTS2 20180202           0.858        

x   46 12544   0.856  16  PDTStry 20180207   0.856   0.826        
x   47 12694   0.851  16    PDTS2 20180206   0.700   0.851        
x   48 12655   0.850  16    PDTS2 20180205   0.831   0.850        
x   49 12642   0.849  16  PDTStry 20180205   0.849   0.843        
x   50 12746   0.840  16  PDTStry 20180209   0.840   0.836        
x   51 12715   0.834  16  PDTStry 20180208   0.834   0.827        
x   52 12641   0.833  16    PDTS2 20180205   0.800   0.833        
x   53 12761   0.832  16    PDTS2 20180209           0.832        

x   54 12673   0.828  16    PDTS2 20180205   0.807   0.828        
x   57 12768   0.805  16  PDTStry 20180209   0.805   0.746        
x   58 12752   0.793  16  PDTStry 20180209   0.793   0.763        
x   60 12764   0.788  16  PDTStry 20180209   0.788   0.784        
x   62 12585   0.782  16  PDTStry 20180202   0.782   0.777        
x   64 12744   0.775  16  PDTStry 20180209   0.775   0.603        
x   66 12607   0.765  16    PDTS2 20180207   0.756   0.765        
x   67 12666   0.765  16    PDTS2 20180205   0.750   0.765        

x   68 12668   0.763  15  PDTStry 20180205   0.763   0.760        
x   69 12605   0.756  15    PDTS2 20180203   0.737   0.756        
x   70 12759   0.751  16  PDTStry 20180209   0.751   0.731        
x   71 12670   0.745  15  PDTStry 20180205   0.745   0.724        
x   72 12635   0.745  16    PDTS2 20180205   0.434   0.745        
x   74 12235   0.724  16    PDTS2 20180121   0.714   0.724        
x   76 12245   0.721  16    PDTS2 20180121   0.705   0.721        
x   77 12345   0.711  15    PDTS2 20180125   0.302   0.711        


bad input pin (mark bad)
   18 12588   0.941  16  PDTStry 20180207   0.941   0.848        
   55 12737   0.816  16    PDTS2 20180208   0.774   0.816        

try ranked it much higher than full test (in retest)
   61 12610   0.786  16  PDTStry 20180208   0.786   0.186        
   65 12712   0.770  16  PDTStry 20180207   0.770   0.270        

still missing (keep for now)
    1 12269   0.994  16    PDTS2 20180122   0.994   0.994        
    7 11896   0.967  16    PDTS2 20171213   0.966   0.967        
   40 11852   0.868  16    PDTS2 20171209   0.863   0.868        
   56 11941   0.814  16    PDTS2 20171215   0.814   0.814        
   59 12314   0.789  16    PDTS2 20180124   0.586   0.789        
   63 11894   0.775  16    PDTS2 20171213   0.762   0.775        
   73 11856   0.742  15    PDTS2 20171211   0.715   0.742        

used as replacement on FEMB (mark selected)
   32 12282   0.895  16    PDTS2 20180122   0.534   0.895        AM #101
