 Rank  Chip       Q N80  Dataset      Day QPDTStr  QPDTS2   QCETS
x    1 13520   0.989  16    PDTS2 20180318   0.981   0.989        
x    2 13545   0.984  16    PDTS2 20180319   0.978   0.984        
x    3 13548   0.975  16    PDTS2 20180319   0.964   0.975        
x    4 13569   0.974  16    PDTS2 20180319   0.971   0.974        
x    5 13525   0.968  16  PDTStry 20180318   0.968   0.967        
x    6 13483   0.967  16  PDTStry 20180316   0.967   0.911        
x    7 13494   0.967  16    PDTS2 20180317   0.962   0.967        
x    8 13538   0.964  16  PDTStry 20180319   0.964   0.958        

x    9 13503   0.963  16    PDTS2 20180317   0.962   0.963        
x   10 13588   0.961  16  PDTStry 20180320   0.961   0.960        
x   11 13465   0.960  16  PDTStry 20180316   0.960   0.958        
x   12 13468   0.957  16  PDTStry 20180316   0.957   0.954        
x   13 13514   0.953  16    PDTS2 20180317   0.950   0.953        
x   14 13532   0.952  16    PDTS2 20180318   0.942   0.952        
x   15 13518   0.949  16    PDTS2 20180318   0.931   0.949        
x   16 13472   0.937  16    PDTS2 20180316   0.934   0.937        

x   17 13527   0.928  16  PDTStry 20180318   0.928   0.925        
x   18 13470   0.926  16  PDTStry 20180316   0.926   0.922        
x   19 13504   0.923  16  PDTStry 20180317   0.923   0.921        
x   20 13535   0.912  16  PDTStry 20180318   0.912   0.900        
x   21 13489   0.903  16    PDTS2 20180317   0.897   0.903        
x   22 13529   0.901  16  PDTStry 20180318   0.901   0.900        
x   23 13476   0.897  16    PDTS2 20180316   0.881   0.897        
x   24 13572   0.892  16    PDTS2 20180319   0.891   0.892        

x   25 13536   0.889  16  PDTStry 20180319   0.889   0.887        
x   26 13500   0.872  16    PDTS2 20180317   0.861   0.872        
x   27 13539   0.862  16    PDTS2 20180319   0.861   0.862        
x   29 13501   0.844  16    PDTS2 20180317   0.824   0.844        
x   30 13551   0.828  16  PDTStry 20180319   0.828   0.824        
x   32 13495   0.792  16  PDTStry 20180317   0.792   0.789        
x   33 13553   0.789  16    PDTS2 20180319   0.778   0.789        
x   34 13485   0.788  16    PDTS2 20180316   0.775   0.788        

x   35 13576   0.787  16  PDTStry 20180319   0.787   0.768        
x   36 13574   0.781  16    PDTS2 20180319   0.774   0.781        
x   37 13552   0.773  16  PDTStry 20180319   0.773   0.768        
x   38 13573   0.771  16  PDTStry 20180319   0.771   0.756        
x   39 13178   0.770  16  PDTStry 20180301   0.770   0.763        
x   40 13462   0.758  16    PDTS2 20180316   0.755   0.758        
x   42 13497   0.757  16  PDTStry 20180317   0.757   0.751        
x   43 13473   0.751  16    PDTS2 20180316   0.748   0.751        



no full data run (retest):
   28 13540   0.854  16  PDTStry 20180319   0.854                

try ranking much higher than full test, several retests (bad):
   31 13339   0.815  16  PDTStry 20180313   0.815   0.151        
   41 13274   0.758  16  PDTStry 20180308   0.758   0.226        
