 Rank  Chip       Q N80  Dataset      Day QPDTStr  QPDTS2   QCETS
x    1 11293   0.998  16  PDTStry 20171018   0.998   0.976        
x    2 11514   0.995  16  PDTStry 20171103   0.995   0.985        
x    4 11358   0.991  16  PDTStry 20171020   0.991   0.991        
x    5 11598   0.990  16    PDTS2 20171115   0.986   0.990        
x    6 11408   0.988  16    PDTS2 20171024   0.975   0.988        
x    8 11462   0.978  16  PDTStry 20171101   0.978   0.977        
x    9 11547   0.978  16    PDTS2 20171107   0.977   0.978        
x   10 11583   0.976  16  PDTStry 20171113   0.976   0.970        

x   11 11573   0.971  16    PDTS2 20171109           0.971        
x   12 11545   0.971  16  PDTStry 20171107   0.971   0.953        
x   13 11417   0.965  16    PDTS2 20171024   0.965   0.965        
x   14 11581   0.958  16  PDTStry 20171109   0.958   0.949        
x   15 11599   0.957  16    PDTS2 20171116   0.953   0.957        
x   16 11572   0.956  16  PDTStry 20171108   0.956   0.956        
x   17 11111   0.956  16  PDTStry 20171010   0.956   0.941        
x   18 11373   0.955  16  PDTStry 20171020   0.955   0.423        

x   19 11474   0.954  16  PDTStry 20171102   0.954   0.942        
x   20 11290   0.952  16  PDTStry 20171018   0.952   0.941        
x   21 11453   0.951  16  PDTStry 20171027   0.951   0.943        
x   22 11501   0.943  16    PDTS2 20171102   0.942   0.943        
x   23 11426   0.942  16    PDTS2 20171024   0.940   0.942        
x   24 11535   0.936  16  PDTStry 20171107   0.936   0.929        
x   25 11377   0.927  16    PDTS2 20171020   0.910   0.927        
x   26 11488   0.927  16    PDTS2 20171102   0.920   0.927        

x   27 11387   0.926  16    PDTS2 20171023   0.925   0.926        
x   29 11359   0.922  16    PDTS2 20171020   0.914   0.922        
x   30 11356   0.921  16    PDTS2 20171020   0.919   0.921        
x   32 11506   0.920  16  PDTStry 20171103   0.920   0.917        
x   33 11588   0.918  16    PDTS2 20171113   0.907   0.918        
x   34 11523   0.917  16    PDTS2 20171106   0.906   0.917        
x   35 11498   0.915  16  PDTStry 20171102   0.915   0.897        
x   36 11560   0.914  16  PDTStry 20171108   0.914   0.903        

x   37 11480   0.904  16    PDTS2 20171102   0.902   0.904        
x   38 11378   0.904  16  PDTStry 20171020   0.904   0.904        
x   39 11436   0.895  16  PDTStry 20171026   0.895   0.884        
x   41 11024   0.880  16  PDTStry 20171003   0.880   0.786        
x   42 11429   0.874  16    PDTS2 20171024   0.869   0.874        
x   43 11526   0.868  16  PDTStry 20171106   0.868   0.859        
x   44 11466   0.862  16  PDTStry 20171101   0.862   0.862        
x   45 11482   0.858  16  PDTStry 20171102   0.858   0.853        

x   46 11475   0.852  16  PDTStry 20171102   0.852   0.832        
x   47 11434   0.839  16  PDTStry 20171026   0.839   0.824        
x   49 11595   0.832  16    PDTS2 20171115   0.828   0.832        
x   50 11489   0.821  16    PDTS2 20171102   0.820   0.821        
x   51 11420   0.815  16    PDTS2 20171024   0.807   0.815        
x   52 11582   0.814  16    PDTS2 20171113   0.803   0.814        
x   53 11369   0.804  16  PDTStry 20171020   0.804   0.799        
x   54 11370   0.804  16    PDTS2 20171020   0.784   0.804        

x   55 11524   0.800  16  PDTStry 20171106   0.800   0.790        
x   56 11499   0.800  16  PDTStry 20171102   0.800   0.786        
x   57 11411   0.795  16    PDTS2 20171024   0.790   0.795        
x   59 11587   0.789  16    PDTS2 20171115   0.780   0.789        
x   61 11600   0.784  16    PDTS2 20171116   0.760   0.784        
x   62 11442   0.775  16  PDTStry 20171026   0.775   0.756        
x   63 11366   0.773  15    PDTS2 20171020   0.769   0.773        
x   64 11438   0.764  16  PDTStry 20171026   0.764   0.681        

x   66 11354   0.753  15  PDTStry 20171020   0.753                
x   67 11412   0.750  16    PDTS2 20171024   0.732   0.750        
x   68 11391   0.749  16    PDTS2 20171023   0.740   0.749        
x   69 11401   0.745  15  PDTStry 20171023   0.745   0.734        
x   70 11220   0.741  15    PDTS2 20171016   0.492   0.741        
x   71 10266   0.740  16    PDTS2 20170822   0.734   0.740        
x   73 10976   0.737  15    PDTS2 20171002   0.727   0.737        
x   74 11030   0.736  16  PDTStry 20171004   0.736   0.723        

x   75 11310   0.736  16    PDTS2 20171018   0.594   0.736        
x   76 10827   0.736  16    PDTS2 20170925   0.732   0.736        
x   79 11379   0.729  16    PDTS2 20171023   0.726   0.729        
x   80 10681   0.729  15    PDTS2 20170912   0.719   0.729        
x   81 10847   0.728  15  PDTStry 20170926   0.728   0.727        
x   82 11190   0.728  16  PDTStry 20171012   0.728   0.720        
x   83 10712   0.727  16  PDTStry 20170913   0.727   0.713        
x   84 10472   0.726  15  PDTStry 20170830   0.726                

x   85 10489   0.725  16    PDTS2 20170831   0.713   0.725        
x   86 11444   0.722  15    PDTS2 20171026   0.000   0.722        
x   87 10738   0.721  15  PDTStry 20170914   0.721   0.716        
x   88 10810   0.719  15  PDTStry 20170925   0.719   0.716        
x   89 11504   0.716  16  PDTStry 20171103   0.716   0.705        
x   90 11215   0.716  16    PDTS2 20171013   0.693   0.716        
x   91 11048   0.715  15  PDTStry 20171004   0.715   0.691        
x   92 10581   0.714  15  PDTStry 20170906   0.714   0.606        

bad - remove from ranking
    7 11460   0.984  16    PDTS2 20171031   0.981   0.984        bad input pin
   28 11418   0.925  16  PDTStry 20171024   0.925   0.915        bad input pin
   31 11597   0.921  16  PDTStry 20171115   0.921   0.906        bent pin
   40 11383   0.884  16    PDTS2 20171023   0.871   0.884        bad input pin
   48 11491   0.832  16    PDTS2 20171102   0.828   0.832        bad input pin
   60 11540   0.787  16    PDTS2 20171107   0.760   0.787        bad input pin
   65 11592   0.762  16    PDTS2 20171116   0.762   0.762        bad input pin

retest - keep in ranking
    3 11446   0.994  16  PDTStry 20171026   0.994                
   58 11245   0.793  16  PDTStry 20171016   0.793                
   72 10972   0.739  16  PDTStry 20171002   0.739                
   77 10689   0.735  16  PDTStry 20170912   0.735                
   78 10395   0.731  16  PDTStry 20170828   0.731                
