 Rank  Chip       Q N80  Dataset      Day QPDTStr  QPDTS2   QCETS
x    1 11211   0.998  16    PDTS2 20171013   0.998   0.998        
x    3 10934   0.998  16    PDTS2 20170929   0.998   0.998        
x    4 11210   0.994  16  PDTStry 20171013   0.994   0.994        
x    5 11057   0.991  16    PDTS2 20171004   0.990   0.991        
x    6 11155   0.990  16  PDTStry 20171011   0.990   0.988        
x    7 11053   0.990  16    PDTS2 20171004   0.988   0.990        
x    8 10193   0.990  16    PDTS2 20170817   0.989   0.990        
x    9 11332   0.988  16  PDTStry 20171019   0.988   0.985        

x   10 10951   0.988  16  PDTStry 20170929   0.988   0.978        
x   11 10933   0.988  16    PDTS2 20170929   0.985   0.988        
x   12 11335   0.987  16    PDTS2 20171019   0.985   0.987        
x   13 10978   0.986  16    PDTS2 20171002   0.985   0.986        
x   14 11301   0.982  16  PDTStry 20171018   0.982   0.981        
x   15 11006   0.979  16    PDTS2 20171003   0.976   0.979        
x   16 10963   0.979  16  PDTStry 20170929   0.979   0.970        
x   17 11036   0.977  16    PDTS2 20171004   0.974   0.977        

x   18 11019   0.976  16    PDTS2 20171003   0.891   0.976        
x   19 11347   0.975  16  PDTStry 20171019   0.975                
x   20 11026   0.974  16    PDTS2 20171004   0.968   0.974        
x   21 11099   0.972  16    PDTS2 20171006   0.934   0.972        
x   22 11322   0.967  16    PDTS2 20171019   0.939   0.967        
x   23 10710   0.966  16  PDTStry 20171002   0.966   0.956               
x   27 11315   0.950  16    PDTS2 20171018   0.668   0.950        
x   28 10954   0.944  16    PDTS2 20170929   0.786   0.944        

x   29 10798   0.943  16    PDTS2 20171002   0.933   0.943        
x   30 11067   0.942  16    PDTS2 20171005   0.918   0.942        
x   31 11334   0.938  16    PDTS2 20171019   0.933   0.938        
x   32 11321   0.934  16    PDTS2 20171019   0.912   0.934        
x   33 10944   0.933  16  PDTStry 20170929   0.933   0.928        
x   34 11202   0.933  16    PDTS2 20171013   0.931   0.933        
x   35 10421   0.929  16  PDTStry 20170829   0.929   0.875        
x   36 11076   0.925  16  PDTStry 20171005   0.925   0.916        

x   37 10969   0.925  16  PDTStry 20171002   0.925   0.925        
x   38 11075   0.920  16  PDTStry 20171005   0.920   0.913        
x   39 11279   0.920  16    PDTS2 20171017   0.902   0.920        
x   40 11000   0.915  16    PDTS2 20171002   0.901   0.915        
x   41 10971   0.915  16  PDTStry 20171002   0.915   0.901        
x   42 11273   0.914  16  PDTStry 20171017   0.914   0.914        
x   43 11072   0.913  16  PDTStry 20171005   0.913   0.902        
x   44 11297   0.911  16    PDTS2 20171018   0.905   0.911        

x   45 11285   0.911  16    PDTS2 20171018   0.905   0.911        
x   46 10953   0.909  16    PDTS2 20170929   0.907   0.909        
x   47 11044   0.909  16  PDTStry 20171004   0.909   0.897        
x   48 11294   0.908  16    PDTS2 20171018   0.905   0.908        
x   50 10982   0.901  16    PDTS2 20171002   0.901   0.901        
x   51 11222   0.898  16  PDTStry 20171016   0.898                
x   52 10986   0.888  16  PDTStry 20171002   0.888   0.817        
x   53 11238   0.886  16  PDTStry 20171016   0.886   0.878        

x   54 11173   0.884  16  PDTStry 20171012   0.884   0.876        
x   56 11289   0.879  16  PDTStry 20171018   0.879   0.875        
x   57 11040   0.878  16    PDTS2 20171004   0.873   0.878        
x   58 11020   0.875  16    PDTS2 20171003   0.875   0.875        
x   59 11125   0.873  16  PDTStry 20171010   0.873   0.869        
x   60 11144   0.869  16    PDTS2 20171010   0.863   0.869        
x   61 11001   0.865  16  PDTStry 20171003   0.865   0.862        
x   62 11022   0.864  16  PDTStry 20171003   0.864   0.858        

x   63 11079   0.864  16    PDTS2 20171005   0.861   0.864        
x   64 11050   0.861  16  PDTStry 20171004   0.861   0.854        
x   65 11291   0.857  16  PDTStry 20171018   0.857   0.829        
x   67 11346   0.850  16  PDTStry 20171019   0.850   0.844        
x   68 10763   0.849  16  PDTStry 20170915   0.849   0.144        
x   69 11118   0.846  16    PDTS2 20171010   0.838   0.846        
x   70 10964   0.845  16    PDTS2 20170929   0.833   0.845        
x   71 11130   0.842  16    PDTS2 20171010   0.833   0.842        

x   72 11011   0.839  16    PDTS2 20171003   0.822   0.839        
x   74 11017   0.830  16    PDTS2 20171003   0.812   0.830        
x   75 11253   0.827  16    PDTS2 20171017   0.819   0.827        
x   76 10942   0.824  16    PDTS2 20170929   0.796   0.824        
x   77 11259   0.823  16  PDTStry 20171017   0.823   0.822        
x   78 11032   0.814  16  PDTStry 20171004   0.814   0.799                      
x   81 11267   0.782  16    PDTS2 20171017   0.758   0.782        
x   82 10997   0.777  16    PDTS2 20171002   0.770   0.777        

x   83 11254   0.777  16  PDTStry 20171017   0.777   0.637        
x   84 10939   0.772  16    PDTS2 20170929   0.767   0.772        
x   86 11018   0.767  16  PDTStry 20171003   0.767   0.756        
x   87 11184   0.766  15    PDTS2 20171012   0.726   0.766        
x   89 11270   0.755  15  PDTStry 20171017   0.755   0.629        
x   90 11180   0.751  16  PDTStry 20171012   0.751   0.677        
x   91 11043   0.750  16  PDTStry 20171004   0.750                
x   92 10792   0.744  16    PDTS2 20170922   0.728   0.744        


Not included in selection

Retest
    2 11293   0.998  16  PDTStry 20171018   0.998  - no PDST2 data 
   25 11111   0.956  16  PDTStry 20171010   0.956  - no PDST2 data
   26 11290   0.952  16  PDTStry 20171018   0.952  - no PDST2 data             
   55 11024   0.880  16  PDTStry 20171003   0.880  - no PDST2 data            
   80 11245   0.793  16  PDTStry 20171016   0.793  - already in retest              

Remove
z  24 10961   0.963  16  PDTStry 20170929   0.963   0.959 - bad input pin
z  49 11237   0.902  16    PDTS2 20171016   0.826   0.902 - bad input pin
z  66 11277   0.853  16  PDTStry 20171017   0.853   0.851 - bad input pin       
z  73 10938   0.837  16    PDTS2 20170929           0.837 - bad input pin
z  79 10871   0.811  16  PDTStry 20171002   0.811  - second try and still not found
z  85 11039   0.772  16  PDTStry 20171004   0.772  - failed SPI x2 separate tests           
z  88 11172   0.756  16    PDTS2 20171011   0.739   0.756 - bad input pin       


